300
3000
0 1 9 523
1 1 17 499
2 1 24 545
3 1 52 875
4 1 57 853
5 1 63 1
6 1 74 68
7 1 112 864
8 1 119 210
9 1 120 84
10 1 160 567
11 1 167 178
12 1 192 715
13 1 203 641
14 1 212 340
15 1 214 713
16 1 221 96
17 1 234 631
18 1 287 761
19 2 15 477
20 2 16 487
21 2 25 72
22 2 40 161
23 2 47 151
24 2 48 660
25 2 63 383
26 2 96 416
27 2 110 885
28 2 113 219
29 2 119 6
30 2 143 476
31 2 152 235
32 2 160 999
33 2 202 777
34 2 205 455
35 2 217 203
36 2 232 63
37 2 244 262
38 2 293 31
39 3 20 635
40 3 32 546
41 3 33 499
42 3 39 611
43 3 46 990
44 3 55 403
45 3 92 527
46 3 93 237
47 3 97 847
48 3 126 287
49 3 147 202
50 3 152 976
51 3 164 876
52 3 170 571
53 3 172 490
54 3 206 494
55 3 223 422
56 3 241 936
57 3 258 969
58 4 45 698
59 4 53 703
60 4 69 914
61 4 73 526
62 4 75 164
63 4 100 20
64 4 106 986
65 4 114 486
66 4 121 249
67 4 154 860
68 4 156 512
69 4 157 60
70 4 197 866
71 4 208 434
72 4 219 813
73 4 239 686
74 4 242 901
75 4 245 982
76 4 253 531
77 4 262 39
78 5 16 199
79 5 37 154
80 5 44 11
81 5 47 868
82 5 54 391
83 5 58 366
84 5 89 591
85 5 97 387
86 5 112 372
87 5 113 409
88 5 123 150
89 5 127 565
90 5 136 822
91 5 162 390
92 5 170 631
93 5 179 323
94 5 210 14
95 5 215 396
96 5 228 249
97 5 243 704
98 5 257 597
99 6 11 760
100 6 18 160
101 6 33 818
102 6 40 954
103 6 44 284
104 6 68 267
105 6 114 159
106 6 116 809
107 6 117 556
108 6 127 231
109 6 129 733
110 6 169 11
111 6 188 826
112 6 232 62
113 6 240 368
114 6 243 808
115 6 262 854
116 6 283 84
117 6 299 806
118 7 59 656
119 7 65 297
120 7 96 614
121 7 108 613
122 7 114 53
123 7 162 853
124 7 193 851
125 7 200 948
126 7 209 730
127 7 210 340
128 7 211 2
129 7 220 540
130 7 235 585
131 7 253 428
132 7 256 946
133 7 264 220
134 7 270 725
135 8 16 459
136 8 18 24
137 8 56 269
138 8 58 881
139 8 59 180
140 8 60 569
141 8 90 992
142 8 91 925
143 8 157 869
144 8 195 614
145 8 207 145
146 8 216 569
147 8 222 859
148 8 233 500
149 8 241 483
150 8 270 743
151 9 12 447
152 9 15 7
153 9 27 20
154 9 60 788
155 9 105 666
156 9 117 853
157 9 137 669
158 9 164 867
159 9 165 331
160 9 193 578
161 9 198 95
162 9 212 722
163 9 232 517
164 9 240 118
165 9 243 712
166 9 252 939
167 9 258 335
168 9 278 766
169 9 283 164
170 10 12 887
171 10 15 250
172 10 30 603
173 10 36 238
174 10 44 37
175 10 85 166
176 10 86 60
177 10 100 687
178 10 136 903
179 10 141 373
180 10 144 378
181 10 158 302
182 10 161 718
183 10 180 378
184 10 197 895
185 10 200 789
186 10 229 95
187 10 238 166
188 10 243 337
189 10 246 162
190 10 258 427
191 10 298 682
192 11 20 495
193 11 24 728
194 11 38 732
195 11 52 559
196 11 57 919
197 11 62 272
198 11 77 256
199 11 91 322
200 11 103 551
201 11 123 61
202 11 130 573
203 11 157 369
204 11 159 697
205 11 190 588
206 11 212 388
207 11 219 560
208 11 235 760
209 11 248 252
210 11 260 220
211 11 272 872
212 12 25 663
213 12 29 307
214 12 72 748
215 12 87 656
216 12 104 99
217 12 108 729
218 12 128 482
219 12 139 735
220 12 171 66
221 12 173 654
222 12 174 371
223 12 176 161
224 12 185 531
225 12 223 618
226 12 232 10
227 12 238 747
228 12 258 246
229 12 259 975
230 12 290 784
231 12 296 686
232 13 29 514
233 13 45 42
234 13 99 167
235 13 103 792
236 13 106 170
237 13 108 447
238 13 112 41
239 13 116 646
240 13 117 619
241 13 126 439
242 13 128 918
243 13 149 904
244 13 159 884
245 13 160 258
246 13 178 690
247 13 216 605
248 13 225 312
249 13 237 853
250 13 258 999
251 13 265 847
252 13 272 539
253 13 276 603
254 13 282 457
255 13 284 202
256 13 293 276
257 14 18 586
258 14 25 190
259 14 37 363
260 14 52 813
261 14 67 86
262 14 130 992
263 14 146 426
264 14 154 369
265 14 167 919
266 14 178 612
267 14 192 6
268 14 198 376
269 14 208 591
270 14 229 112
271 14 240 969
272 14 267 841
273 15 38 50
274 15 39 927
275 15 44 907
276 15 61 666
277 15 73 242
278 15 76 883
279 15 102 419
280 15 106 29
281 15 114 268
282 15 118 965
283 15 145 904
284 15 147 360
285 15 149 813
286 15 152 475
287 15 154 232
288 15 175 299
289 15 193 353
290 15 200 63
291 15 205 428
292 15 218 730
293 15 235 800
294 15 239 848
295 15 274 899
296 15 281 770
297 16 46 223
298 16 96 279
299 16 147 697
300 16 148 57
301 16 157 594
302 16 180 396
303 16 193 226
304 16 201 630
305 16 207 279
306 16 233 97
307 16 235 832
308 16 259 120
309 16 271 412
310 16 274 79
311 17 44 794
312 17 49 526
313 17 74 561
314 17 79 174
315 17 93 650
316 17 105 338
317 17 111 879
318 17 113 787
319 17 146 785
320 17 164 821
321 17 171 569
322 17 176 539
323 17 184 922
324 17 219 815
325 17 252 453
326 17 258 363
327 17 266 256
328 17 279 40
329 17 280 109
330 17 283 564
331 17 300 31
332 18 49 982
333 18 50 582
334 18 59 825
335 18 71 15
336 18 91 300
337 18 92 269
338 18 99 480
339 18 107 495
340 18 116 497
341 18 131 35
342 18 138 263
343 18 162 181
344 18 168 987
345 18 190 685
346 18 211 72
347 18 212 132
348 18 224 807
349 18 227 304
350 18 232 582
351 18 281 408
352 18 297 128
353 18 300 508
354 19 27 595
355 19 40 702
356 19 42 521
357 19 46 151
358 19 67 339
359 19 71 864
360 19 77 36
361 19 82 661
362 19 91 683
363 19 112 354
364 19 118 62
365 19 124 210
366 19 126 460
367 19 141 787
368 19 176 328
369 19 196 489
370 19 199 380
371 19 205 77
372 19 215 206
373 19 227 114
374 19 242 746
375 19 252 380
376 19 260 932
377 19 277 121
378 19 282 526
379 20 46 877
380 20 50 129
381 20 57 49
382 20 80 826
383 20 122 999
384 20 127 139
385 20 168 655
386 20 175 344
387 20 178 807
388 20 228 602
389 20 241 551
390 20 293 484
391 21 25 848
392 21 39 623
393 21 41 641
394 21 56 320
395 21 65 391
396 21 80 844
397 21 127 418
398 21 135 394
399 21 141 241
400 21 146 322
401 21 155 693
402 21 203 534
403 21 223 382
404 21 230 973
405 21 237 15
406 21 241 665
407 21 266 251
408 21 270 967
409 21 294 265
410 21 295 762
411 21 298 86
412 22 54 448
413 22 65 27
414 22 94 188
415 22 101 661
416 22 105 6
417 22 137 666
418 22 141 429
419 22 145 571
420 22 183 448
421 22 187 828
422 22 191 47
423 22 194 781
424 22 229 195
425 22 235 193
426 22 260 140
427 22 264 47
428 23 37 356
429 23 52 587
430 23 76 439
431 23 101 175
432 23 120 660
433 23 133 140
434 23 136 175
435 23 137 739
436 23 153 956
437 23 157 325
438 23 160 629
439 23 167 363
440 23 171 4
441 23 179 774
442 23 183 504
443 23 188 464
444 23 196 703
445 23 213 610
446 23 236 650
447 23 259 814
448 23 261 599
449 23 272 412
450 23 284 923
451 23 300 981
452 24 30 330
453 24 34 521
454 24 36 677
455 24 81 978
456 24 98 703
457 24 127 570
458 24 140 124
459 24 175 391
460 24 209 350
461 24 224 244
462 24 226 456
463 24 253 147
464 24 254 221
465 24 279 525
466 24 288 33
467 25 69 921
468 25 75 815
469 25 93 873
470 25 102 833
471 25 104 607
472 25 106 637
473 25 114 891
474 25 123 994
475 25 131 508
476 25 138 112
477 25 157 521
478 25 158 386
479 25 166 211
480 25 189 681
481 25 216 327
482 25 218 584
483 25 242 82
484 25 254 140
485 25 256 916
486 25 288 625
487 25 300 926
488 26 59 111
489 26 62 183
490 26 65 762
491 26 100 715
492 26 118 519
493 26 123 896
494 26 131 246
495 26 146 807
496 26 165 707
497 26 174 453
498 26 205 318
499 26 206 707
500 26 226 589
501 26 241 410
502 26 258 84
503 26 259 888
504 26 270 658
505 26 295 797
506 27 64 854
507 27 88 760
508 27 111 620
509 27 112 744
510 27 118 857
511 27 129 524
512 27 135 87
513 27 209 462
514 27 213 188
515 27 243 569
516 27 246 900
517 27 260 86
518 27 296 324
519 27 298 109
520 28 55 183
521 28 56 199
522 28 67 967
523 28 92 904
524 28 97 758
525 28 113 564
526 28 123 913
527 28 126 738
528 28 141 652
529 28 148 316
530 28 151 327
531 28 155 462
532 28 176 713
533 28 183 259
534 28 204 961
535 28 230 871
536 28 254 844
537 28 255 166
538 28 264 411
539 28 272 761
540 28 280 557
541 28 281 423
542 28 290 51
543 28 293 743
544 29 32 523
545 29 33 25
546 29 57 128
547 29 61 855
548 29 138 621
549 29 146 481
550 29 148 491
551 29 154 937
552 29 162 591
553 29 163 95
554 29 168 87
555 29 170 566
556 29 173 138
557 29 185 753
558 29 187 82
559 29 214 637
560 29 222 322
561 29 227 87
562 29 234 967
563 29 246 96
564 29 268 725
565 29 288 829
566 29 291 698
567 30 31 988
568 30 35 306
569 30 46 778
570 30 48 791
571 30 53 559
572 30 68 84
573 30 73 150
574 30 89 701
575 30 103 424
576 30 114 413
577 30 115 706
578 30 125 414
579 30 126 437
580 30 146 76
581 30 173 100
582 30 177 471
583 30 195 628
584 30 213 911
585 30 227 427
586 30 262 467
587 30 266 871
588 30 267 693
589 30 276 986
590 30 278 703
591 30 280 90
592 30 297 935
593 31 64 44
594 31 77 13
595 31 83 554
596 31 88 639
597 31 95 710
598 31 97 548
599 31 145 341
600 31 156 462
601 31 161 490
602 31 210 174
603 31 247 549
604 31 293 502
605 32 36 975
606 32 40 738
607 32 44 723
608 32 51 924
609 32 52 358
610 32 61 327
611 32 77 331
612 32 118 104
613 32 144 109
614 32 158 165
615 32 169 540
616 32 171 201
617 32 190 833
618 32 206 880
619 32 245 584
620 32 253 164
621 32 269 610
622 32 295 840
623 33 37 773
624 33 39 794
625 33 45 821
626 33 48 159
627 33 111 804
628 33 141 605
629 33 156 170
630 33 164 655
631 33 172 15
632 33 178 922
633 33 179 956
634 33 189 246
635 33 190 622
636 33 197 370
637 33 212 872
638 33 218 288
639 33 229 19
640 33 233 247
641 33 267 422
642 33 276 517
643 34 42 557
644 34 43 486
645 34 46 480
646 34 50 200
647 34 56 668
648 34 67 937
649 34 85 55
650 34 89 38
651 34 153 747
652 34 156 519
653 34 162 729
654 34 165 220
655 34 183 876
656 34 186 677
657 34 190 467
658 34 202 103
659 34 233 198
660 34 243 807
661 34 245 974
662 34 264 722
663 34 285 37
664 35 37 762
665 35 54 658
666 35 95 22
667 35 119 714
668 35 158 155
669 35 171 594
670 35 190 249
671 35 197 948
672 35 200 252
673 35 245 141
674 35 248 611
675 35 249 648
676 35 251 396
677 35 254 823
678 35 256 170
679 35 280 595
680 35 286 116
681 35 290 837
682 35 292 429
683 36 41 726
684 36 52 808
685 36 100 232
686 36 105 387
687 36 118 652
688 36 129 514
689 36 140 633
690 36 144 318
691 36 183 319
692 36 187 333
693 36 196 788
694 36 237 501
695 36 242 506
696 36 243 178
697 36 250 781
698 36 253 255
699 36 262 401
700 36 299 600
701 37 42 728
702 37 98 154
703 37 101 797
704 37 103 808
705 37 159 281
706 37 222 587
707 37 223 672
708 37 229 831
709 37 243 113
710 37 244 854
711 37 277 991
712 37 295 192
713 38 45 149
714 38 55 607
715 38 77 495
716 38 130 628
717 38 146 112
718 38 185 268
719 38 187 125
720 38 200 249
721 38 208 140
722 38 214 760
723 38 271 376
724 38 290 480
725 38 291 850
726 39 45 148
727 39 57 128
728 39 100 360
729 39 110 423
730 39 157 92
731 39 167 645
732 39 168 487
733 39 170 29
734 39 181 256
735 39 198 127
736 39 256 217
737 39 262 50
738 39 278 742
739 39 299 316
740 40 59 170
741 40 61 447
742 40 75 487
743 40 80 898
744 40 106 443
745 40 132 469
746 40 166 748
747 40 212 606
748 40 214 657
749 40 236 123
750 40 242 77
751 40 258 904
752 40 292 263
753 40 296 737
754 41 70 665
755 41 81 452
756 41 95 989
757 41 108 463
758 41 111 978
759 41 113 374
760 41 155 917
761 41 161 92
762 41 186 819
763 41 190 616
764 41 199 859
765 41 205 674
766 41 212 735
767 41 235 23
768 41 248 276
769 41 256 680
770 41 265 653
771 41 293 228
772 42 58 984
773 42 61 969
774 42 66 171
775 42 81 316
776 42 92 489
777 42 93 477
778 42 107 139
779 42 108 391
780 42 109 881
781 42 131 583
782 42 140 344
783 42 147 314
784 42 150 526
785 42 162 932
786 42 171 924
787 42 182 317
788 42 185 909
789 42 213 101
790 42 220 194
791 42 234 43
792 42 252 490
793 42 255 211
794 42 265 688
795 42 276 97
796 42 296 517
797 43 62 591
798 43 65 369
799 43 97 249
800 43 107 562
801 43 108 795
802 43 110 449
803 43 119 300
804 43 133 229
805 43 138 993
806 43 180 449
807 43 194 673
808 43 200 827
809 43 206 623
810 43 208 610
811 43 261 606
812 43 265 147
813 43 277 312
814 43 278 924
815 43 284 344
816 44 54 995
817 44 63 577
818 44 73 224
819 44 127 655
820 44 162 995
821 44 174 331
822 44 177 733
823 44 193 729
824 44 211 897
825 44 228 226
826 44 230 378
827 44 254 41
828 44 260 8
829 44 274 113
830 44 276 731
831 44 281 155
832 45 48 685
833 45 63 207
834 45 71 460
835 45 86 298
836 45 118 269
837 45 119 684
838 45 130 294
839 45 154 306
840 45 155 98
841 45 165 149
842 45 172 549
843 45 176 323
844 45 187 920
845 45 193 545
846 45 207 157
847 45 210 791
848 45 219 287
849 45 223 316
850 45 229 959
851 45 255 442
852 45 294 638
853 46 63 584
854 46 67 369
855 46 70 942
856 46 99 738
857 46 132 944
858 46 135 522
859 46 140 152
860 46 148 829
861 46 203 479
862 46 209 912
863 46 214 514
864 46 241 91
865 46 254 141
866 46 255 963
867 46 262 105
868 47 67 208
869 47 75 357
870 47 81 774
871 47 99 142
872 47 103 439
873 47 111 553
874 47 113 467
875 47 147 449
876 47 150 988
877 47 188 85
878 47 195 954
879 47 205 540
880 47 218 128
881 47 219 771
882 47 220 191
883 47 242 790
884 47 252 787
885 47 260 72
886 47 262 567
887 47 275 240
888 47 293 673
889 47 295 906
890 47 296 683
891 48 59 578
892 48 82 916
893 48 92 303
894 48 104 656
895 48 109 840
896 48 122 257
897 48 131 580
898 48 176 834
899 48 230 378
900 48 265 939
901 48 285 652
902 48 289 704
903 49 70 859
904 49 77 256
905 49 90 107
906 49 97 522
907 49 112 384
908 49 119 276
909 49 126 633
910 49 143 199
911 49 162 384
912 49 169 248
913 49 171 514
914 49 193 848
915 49 212 621
916 49 236 865
917 49 249 6
918 49 258 509
919 49 272 613
920 49 273 780
921 49 290 997
922 50 77 880
923 50 82 996
924 50 83 372
925 50 91 482
926 50 92 819
927 50 101 164
928 50 127 426
929 50 128 994
930 50 141 170
931 50 156 533
932 50 162 260
933 50 187 316
934 50 196 27
935 50 205 904
936 50 246 202
937 50 249 977
938 50 254 245
939 50 255 25
940 50 258 726
941 50 260 683
942 50 293 98
943 51 66 441
944 51 74 937
945 51 80 170
946 51 89 363
947 51 97 684
948 51 104 141
949 51 123 306
950 51 140 533
951 51 141 913
952 51 151 574
953 51 180 863
954 51 190 771
955 51 210 204
956 51 214 632
957 51 224 718
958 51 248 184
959 51 263 897
960 51 266 884
961 51 283 657
962 51 285 755
963 51 298 992
964 52 88 507
965 52 114 135
966 52 119 964
967 52 142 86
968 52 156 932
969 52 169 201
970 52 205 393
971 52 213 15
972 52 259 853
973 52 275 766
974 52 286 110
975 53 61 462
976 53 132 270
977 53 163 374
978 53 166 975
979 53 171 739
980 53 175 897
981 53 179 68
982 53 184 412
983 53 222 552
984 53 246 854
985 53 263 874
986 53 294 621
987 53 297 554
988 54 66 214
989 54 74 371
990 54 97 457
991 54 117 742
992 54 128 514
993 54 143 145
994 54 155 539
995 54 169 801
996 54 171 782
997 54 185 767
998 54 194 177
999 54 210 818
1000 54 233 592
1001 54 234 42
1002 54 238 694
1003 54 247 782
1004 55 132 139
1005 55 134 927
1006 55 137 556
1007 55 139 125
1008 55 174 616
1009 55 204 984
1010 55 253 416
1011 55 258 139
1012 55 273 399
1013 55 284 188
1014 55 293 182
1015 55 295 479
1016 55 298 241
1017 56 129 123
1018 56 132 464
1019 56 134 185
1020 56 138 564
1021 56 145 688
1022 56 163 869
1023 56 170 304
1024 56 218 146
1025 56 229 601
1026 56 230 100
1027 56 297 468
1028 57 92 680
1029 57 95 286
1030 57 122 683
1031 57 127 423
1032 57 133 683
1033 57 142 519
1034 57 182 215
1035 57 189 844
1036 57 190 856
1037 57 224 50
1038 57 275 380
1039 58 72 117
1040 58 98 324
1041 58 103 329
1042 58 125 189
1043 58 139 21
1044 58 211 745
1045 58 220 88
1046 58 226 549
1047 58 234 300
1048 58 250 777
1049 58 252 120
1050 58 265 84
1051 58 284 958
1052 58 288 804
1053 59 71 840
1054 59 150 652
1055 59 152 235
1056 59 168 801
1057 59 190 335
1058 59 199 666
1059 59 215 500
1060 59 217 281
1061 59 228 560
1062 59 229 175
1063 59 230 626
1064 59 240 823
1065 59 258 658
1066 59 276 121
1067 59 286 924
1068 59 288 759
1069 60 64 214
1070 60 82 851
1071 60 91 131
1072 60 92 225
1073 60 106 905
1074 60 160 889
1075 60 165 794
1076 60 168 547
1077 60 195 647
1078 60 196 797
1079 60 208 503
1080 60 235 977
1081 60 248 899
1082 60 249 159
1083 60 250 944
1084 60 255 408
1085 61 62 384
1086 61 74 838
1087 61 143 843
1088 61 154 200
1089 61 174 127
1090 61 182 41
1091 61 226 957
1092 61 233 501
1093 61 253 144
1094 61 259 204
1095 61 264 36
1096 61 275 806
1097 61 276 12
1098 61 289 809
1099 62 75 586
1100 62 89 424
1101 62 109 800
1102 62 116 554
1103 62 119 588
1104 62 138 478
1105 62 169 290
1106 62 170 225
1107 62 172 97
1108 62 187 871
1109 62 207 470
1110 62 219 870
1111 62 254 846
1112 62 256 223
1113 62 260 544
1114 62 265 233
1115 62 276 21
1116 62 280 160
1117 63 74 335
1118 63 81 707
1119 63 84 600
1120 63 96 418
1121 63 103 776
1122 63 106 875
1123 63 156 732
1124 63 158 811
1125 63 181 191
1126 63 206 629
1127 63 229 132
1128 63 232 291
1129 63 264 937
1130 63 276 759
1131 63 299 682
1132 64 66 378
1133 64 114 853
1134 64 121 734
1135 64 147 206
1136 64 149 429
1137 64 159 964
1138 64 162 345
1139 64 179 493
1140 64 208 692
1141 64 229 447
1142 64 252 418
1143 64 271 171
1144 64 277 332
1145 64 288 240
1146 65 75 978
1147 65 81 969
1148 65 104 169
1149 65 115 888
1150 65 129 765
1151 65 170 451
1152 65 177 862
1153 65 189 812
1154 65 205 726
1155 65 216 835
1156 65 228 554
1157 65 252 815
1158 65 258 441
1159 65 262 556
1160 65 264 18
1161 65 282 588
1162 65 291 69
1163 66 71 559
1164 66 78 680
1165 66 81 308
1166 66 90 326
1167 66 94 237
1168 66 101 712
1169 66 116 408
1170 66 129 468
1171 66 134 111
1172 66 142 79
1173 66 146 626
1174 66 154 870
1175 66 164 320
1176 66 166 964
1177 66 173 96
1178 66 197 702
1179 66 207 152
1180 66 225 901
1181 66 256 16
1182 66 294 617
1183 67 74 627
1184 67 121 829
1185 67 122 173
1186 67 149 121
1187 67 204 340
1188 67 229 534
1189 67 233 395
1190 67 238 911
1191 67 239 950
1192 67 249 945
1193 67 269 915
1194 67 279 807
1195 67 290 739
1196 68 69 44
1197 68 82 776
1198 68 87 431
1199 68 95 227
1200 68 108 929
1201 68 151 602
1202 68 164 227
1203 68 177 681
1204 68 200 194
1205 68 226 616
1206 68 243 380
1207 68 264 371
1208 68 267 384
1209 68 271 441
1210 68 283 489
1211 69 116 73
1212 69 123 61
1213 69 148 865
1214 69 152 489
1215 69 154 701
1216 69 195 715
1217 69 206 867
1218 69 207 116
1219 69 251 187
1220 69 260 746
1221 69 282 793
1222 69 297 48
1223 70 87 67
1224 70 95 659
1225 70 117 313
1226 70 136 861
1227 70 180 406
1228 70 181 120
1229 70 196 72
1230 70 202 343
1231 70 215 140
1232 70 225 414
1233 70 250 31
1234 70 254 513
1235 70 270 358
1236 70 285 777
1237 71 72 527
1238 71 78 511
1239 71 96 684
1240 71 102 454
1241 71 122 581
1242 71 126 395
1243 71 132 342
1244 71 156 466
1245 71 211 680
1246 71 223 402
1247 71 225 82
1248 71 237 119
1249 71 261 387
1250 71 278 388
1251 71 286 985
1252 71 300 253
1253 72 86 609
1254 72 103 14
1255 72 108 462
1256 72 111 655
1257 72 126 610
1258 72 188 437
1259 72 190 626
1260 72 191 852
1261 72 211 161
1262 72 234 298
1263 72 248 507
1264 72 259 506
1265 72 263 765
1266 72 268 24
1267 73 76 569
1268 73 93 515
1269 73 132 98
1270 73 144 756
1271 73 155 918
1272 73 171 534
1273 73 179 519
1274 73 190 463
1275 73 198 689
1276 73 203 19
1277 73 205 113
1278 73 206 936
1279 73 223 999
1280 73 234 247
1281 73 247 70
1282 73 248 56
1283 73 258 998
1284 73 270 705
1285 74 75 242
1286 74 76 287
1287 74 79 652
1288 74 83 805
1289 74 84 942
1290 74 87 3
1291 74 92 49
1292 74 95 416
1293 74 96 395
1294 74 99 357
1295 74 107 174
1296 74 115 213
1297 74 136 36
1298 74 140 245
1299 74 145 744
1300 74 148 977
1301 74 154 738
1302 74 168 245
1303 74 181 287
1304 74 182 104
1305 74 211 517
1306 74 221 706
1307 74 226 62
1308 74 239 631
1309 74 246 743
1310 74 247 809
1311 74 253 978
1312 74 270 584
1313 74 283 848
1314 75 98 220
1315 75 102 760
1316 75 107 455
1317 75 134 555
1318 75 149 215
1319 75 150 670
1320 75 159 579
1321 75 174 653
1322 75 197 31
1323 75 210 216
1324 75 211 558
1325 75 232 731
1326 75 241 633
1327 75 247 424
1328 75 275 1
1329 75 297 433
1330 76 95 467
1331 76 99 150
1332 76 116 915
1333 76 126 404
1334 76 168 178
1335 76 177 389
1336 76 181 667
1337 76 194 81
1338 76 200 181
1339 76 210 3
1340 77 89 862
1341 77 102 421
1342 77 106 76
1343 77 134 311
1344 77 144 699
1345 77 177 779
1346 77 182 142
1347 77 223 81
1348 77 227 73
1349 77 243 396
1350 77 258 802
1351 77 265 541
1352 78 97 849
1353 78 123 586
1354 78 136 160
1355 78 160 512
1356 78 162 875
1357 78 223 429
1358 78 227 260
1359 78 256 257
1360 78 275 247
1361 78 292 33
1362 78 298 514
1363 79 86 760
1364 79 94 643
1365 79 98 66
1366 79 112 93
1367 79 115 127
1368 79 124 970
1369 79 125 637
1370 79 140 215
1371 79 154 602
1372 79 156 853
1373 79 192 346
1374 79 207 302
1375 79 256 598
1376 79 262 214
1377 79 273 632
1378 79 278 306
1379 79 296 690
1380 80 90 763
1381 80 112 678
1382 80 115 895
1383 80 117 843
1384 80 134 420
1385 80 140 199
1386 80 150 122
1387 80 151 341
1388 80 152 973
1389 80 170 851
1390 80 182 503
1391 80 194 728
1392 80 199 440
1393 80 217 897
1394 80 224 478
1395 80 228 822
1396 80 233 931
1397 80 255 95
1398 80 261 45
1399 80 299 199
1400 81 86 508
1401 81 90 351
1402 81 132 81
1403 81 133 753
1404 81 155 270
1405 81 160 529
1406 81 180 816
1407 81 188 666
1408 81 192 95
1409 81 206 928
1410 81 208 681
1411 81 221 99
1412 81 237 196
1413 81 257 839
1414 81 287 730
1415 81 294 382
1416 82 98 343
1417 82 104 796
1418 82 116 379
1419 82 120 904
1420 82 124 61
1421 82 180 34
1422 82 203 388
1423 82 230 274
1424 82 269 830
1425 82 271 243
1426 83 88 193
1427 83 118 241
1428 83 119 276
1429 83 138 887
1430 83 146 351
1431 83 147 71
1432 83 157 899
1433 83 163 640
1434 83 179 695
1435 83 204 799
1436 83 211 562
1437 83 224 434
1438 83 231 285
1439 83 245 269
1440 83 258 899
1441 83 265 382
1442 83 279 353
1443 83 281 393
1444 83 287 35
1445 83 295 102
1446 84 90 788
1447 84 108 755
1448 84 134 911
1449 84 142 233
1450 84 150 280
1451 84 158 31
1452 84 164 716
1453 84 183 132
1454 84 210 46
1455 84 252 837
1456 84 274 880
1457 84 275 449
1458 84 276 796
1459 84 277 74
1460 84 300 136
1461 85 91 957
1462 85 96 508
1463 85 98 419
1464 85 104 577
1465 85 126 58
1466 85 127 621
1467 85 134 35
1468 85 135 438
1469 85 138 732
1470 85 179 529
1471 85 191 342
1472 85 198 865
1473 85 241 345
1474 85 245 282
1475 85 256 296
1476 85 274 306
1477 85 289 602
1478 86 104 928
1479 86 106 111
1480 86 128 228
1481 86 132 872
1482 86 149 482
1483 86 150 83
1484 86 161 422
1485 86 186 362
1486 86 194 552
1487 86 195 72
1488 86 197 609
1489 86 215 779
1490 86 220 370
1491 86 230 766
1492 86 234 692
1493 86 239 248
1494 86 245 194
1495 86 268 30
1496 86 288 105
1497 86 297 285
1498 87 121 524
1499 87 141 71
1500 87 158 883
1501 87 189 786
1502 87 196 430
1503 87 242 878
1504 87 279 842
1505 87 298 992
1506 87 299 168
1507 88 92 47
1508 88 111 521
1509 88 120 903
1510 88 132 265
1511 88 145 474
1512 88 155 341
1513 88 162 817
1514 88 217 296
1515 88 224 253
1516 88 247 487
1517 88 274 583
1518 88 292 935
1519 89 93 109
1520 89 109 226
1521 89 120 156
1522 89 121 756
1523 89 135 223
1524 89 213 809
1525 89 228 808
1526 89 248 839
1527 89 262 821
1528 89 263 578
1529 89 265 978
1530 89 270 649
1531 89 296 99
1532 89 299 901
1533 90 97 320
1534 90 164 79
1535 90 168 540
1536 90 222 484
1537 90 233 299
1538 90 237 113
1539 90 253 319
1540 90 255 760
1541 90 271 823
1542 90 281 406
1543 91 109 809
1544 91 127 452
1545 91 131 733
1546 91 135 20
1547 91 143 476
1548 91 147 36
1549 91 187 613
1550 91 223 710
1551 91 224 615
1552 91 293 865
1553 92 93 761
1554 92 100 147
1555 92 116 470
1556 92 118 855
1557 92 149 306
1558 92 157 930
1559 92 161 270
1560 92 167 479
1561 92 180 688
1562 92 193 64
1563 92 194 840
1564 92 203 998
1565 92 217 283
1566 92 230 766
1567 92 243 714
1568 92 246 908
1569 92 276 574
1570 93 106 265
1571 93 137 847
1572 93 177 198
1573 93 188 281
1574 93 189 372
1575 93 212 459
1576 93 213 676
1577 93 222 542
1578 93 228 652
1579 93 229 74
1580 93 278 439
1581 94 138 311
1582 94 168 616
1583 94 189 600
1584 94 194 531
1585 94 265 945
1586 94 284 915
1587 94 291 580
1588 95 111 629
1589 95 112 245
1590 95 117 352
1591 95 124 789
1592 95 129 822
1593 95 178 19
1594 95 191 562
1595 95 223 101
1596 95 227 882
1597 95 230 479
1598 95 248 478
1599 95 261 337
1600 95 288 669
1601 95 290 373
1602 95 295 688
1603 96 104 399
1604 96 113 318
1605 96 124 555
1606 96 140 514
1607 96 146 567
1608 96 171 664
1609 96 172 560
1610 96 180 944
1611 96 183 620
1612 96 195 523
1613 96 222 649
1614 96 276 245
1615 96 281 640
1616 97 122 156
1617 97 132 10
1618 97 176 710
1619 97 188 65
1620 97 206 908
1621 97 236 432
1622 97 247 160
1623 97 253 343
1624 97 254 98
1625 97 258 312
1626 97 275 284
1627 97 288 309
1628 98 155 995
1629 98 176 536
1630 98 204 537
1631 98 207 430
1632 98 211 757
1633 98 242 364
1634 98 250 666
1635 98 252 916
1636 98 254 662
1637 98 275 760
1638 99 117 660
1639 99 126 28
1640 99 129 290
1641 99 138 429
1642 99 144 397
1643 99 157 426
1644 99 175 759
1645 99 179 28
1646 99 195 258
1647 99 198 277
1648 99 214 406
1649 99 224 255
1650 99 246 50
1651 99 294 696
1652 100 122 507
1653 100 131 403
1654 100 132 619
1655 100 157 328
1656 100 166 214
1657 100 199 727
1658 100 222 10
1659 100 231 599
1660 100 248 319
1661 100 251 599
1662 100 259 223
1663 100 261 448
1664 100 272 290
1665 100 276 957
1666 100 288 885
1667 100 300 748
1668 101 106 399
1669 101 124 561
1670 101 137 359
1671 101 147 274
1672 101 149 165
1673 101 200 908
1674 101 206 387
1675 101 218 932
1676 101 235 47
1677 101 239 631
1678 102 128 239
1679 102 165 428
1680 102 167 169
1681 102 172 999
1682 102 178 959
1683 102 182 324
1684 102 185 801
1685 102 199 696
1686 102 203 22
1687 102 222 321
1688 102 224 894
1689 102 228 337
1690 102 235 186
1691 102 236 626
1692 102 247 362
1693 102 260 918
1694 102 261 868
1695 103 106 978
1696 103 111 21
1697 103 123 435
1698 103 146 757
1699 103 161 140
1700 103 164 525
1701 103 167 303
1702 103 168 852
1703 103 172 429
1704 103 183 75
1705 103 215 801
1706 103 228 781
1707 103 255 388
1708 103 263 277
1709 103 300 46
1710 104 109 567
1711 104 149 897
1712 104 154 654
1713 104 161 397
1714 104 168 328
1715 104 172 929
1716 104 179 810
1717 104 187 134
1718 104 192 310
1719 104 203 539
1720 104 221 917
1721 104 255 512
1722 104 266 515
1723 104 286 775
1724 105 114 870
1725 105 126 387
1726 105 147 405
1727 105 185 122
1728 105 187 622
1729 105 224 96
1730 105 249 848
1731 105 252 824
1732 105 291 25
1733 106 135 447
1734 106 177 105
1735 106 179 901
1736 106 221 116
1737 106 260 666
1738 106 278 623
1739 106 280 565
1740 107 122 923
1741 107 146 582
1742 107 148 241
1743 107 159 152
1744 107 163 567
1745 107 165 886
1746 107 167 509
1747 107 187 118
1748 107 191 990
1749 107 200 620
1750 107 258 450
1751 107 267 888
1752 107 287 858
1753 107 289 614
1754 108 127 57
1755 108 137 417
1756 108 142 359
1757 108 170 623
1758 108 190 722
1759 108 237 992
1760 108 255 662
1761 108 257 733
1762 108 274 273
1763 108 284 457
1764 109 118 184
1765 109 122 40
1766 109 151 362
1767 109 200 239
1768 109 217 387
1769 109 224 88
1770 109 253 724
1771 109 257 741
1772 109 280 519
1773 110 159 852
1774 110 171 894
1775 110 194 522
1776 110 215 100
1777 110 221 63
1778 110 248 55
1779 110 260 595
1780 110 274 40
1781 110 282 249
1782 110 290 83
1783 110 298 762
1784 111 126 932
1785 111 140 487
1786 111 157 455
1787 111 166 443
1788 111 184 91
1789 111 219 938
1790 111 242 219
1791 111 282 479
1792 111 296 664
1793 112 117 273
1794 112 140 148
1795 112 158 987
1796 112 164 123
1797 112 196 738
1798 112 205 896
1799 112 207 254
1800 112 239 203
1801 112 253 85
1802 112 257 211
1803 112 262 927
1804 112 269 552
1805 112 279 606
1806 112 283 700
1807 113 139 688
1808 113 185 775
1809 113 236 784
1810 113 240 369
1811 113 243 982
1812 113 263 691
1813 113 274 911
1814 114 184 279
1815 114 190 431
1816 114 197 926
1817 114 210 228
1818 114 232 696
1819 114 237 232
1820 114 248 992
1821 114 279 958
1822 114 290 345
1823 115 117 515
1824 115 135 862
1825 115 136 57
1826 115 141 543
1827 115 150 380
1828 115 164 716
1829 115 196 381
1830 115 215 237
1831 115 216 926
1832 115 220 709
1833 115 235 127
1834 115 253 847
1835 116 155 928
1836 116 159 704
1837 116 173 962
1838 116 181 513
1839 116 197 723
1840 116 206 686
1841 116 230 263
1842 116 248 830
1843 116 294 635
1844 117 133 859
1845 117 135 347
1846 117 149 566
1847 117 151 388
1848 117 170 566
1849 117 204 558
1850 117 208 128
1851 117 209 533
1852 117 229 888
1853 117 243 931
1854 117 245 950
1855 117 256 265
1856 117 287 420
1857 117 294 154
1858 117 299 941
1859 118 119 961
1860 118 141 317
1861 118 146 5
1862 118 166 365
1863 118 201 390
1864 118 203 734
1865 118 211 652
1866 118 231 502
1867 118 232 273
1868 118 255 814
1869 118 270 888
1870 118 275 835
1871 119 123 782
1872 119 126 104
1873 119 155 630
1874 119 179 185
1875 119 201 656
1876 119 205 458
1877 119 208 77
1878 119 218 269
1879 119 221 361
1880 119 237 719
1881 119 244 375
1882 119 249 258
1883 119 267 141
1884 119 275 176
1885 119 278 386
1886 119 284 172
1887 119 294 396
1888 120 138 638
1889 120 141 47
1890 120 145 567
1891 120 146 800
1892 120 153 234
1893 120 155 337
1894 120 185 432
1895 120 191 536
1896 120 197 205
1897 120 219 738
1898 120 222 816
1899 120 225 393
1900 120 237 756
1901 120 275 609
1902 121 129 486
1903 121 134 363
1904 121 136 747
1905 121 142 39
1906 121 167 913
1907 121 168 659
1908 121 170 377
1909 121 172 951
1910 121 192 521
1911 121 198 654
1912 121 235 927
1913 121 237 859
1914 121 274 757
1915 121 275 117
1916 121 299 622
1917 122 132 406
1918 122 151 481
1919 122 165 325
1920 122 195 407
1921 122 216 688
1922 122 224 406
1923 122 233 38
1924 122 239 787
1925 122 241 600
1926 122 247 694
1927 122 249 154
1928 122 253 368
1929 122 257 539
1930 122 271 784
1931 123 173 30
1932 123 175 357
1933 123 179 664
1934 123 189 784
1935 123 190 641
1936 123 243 294
1937 123 246 295
1938 123 249 514
1939 123 250 427
1940 123 255 804
1941 123 263 266
1942 123 266 848
1943 123 278 585
1944 123 287 245
1945 124 130 413
1946 124 134 652
1947 124 163 410
1948 124 164 856
1949 124 228 542
1950 124 255 67
1951 124 280 353
1952 124 294 999
1953 125 128 47
1954 125 129 392
1955 125 145 825
1956 125 156 122
1957 125 183 344
1958 125 185 22
1959 125 195 889
1960 125 207 583
1961 125 231 701
1962 125 244 51
1963 125 257 582
1964 125 272 123
1965 125 280 489
1966 125 286 43
1967 126 165 937
1968 126 180 240
1969 126 206 706
1970 126 211 965
1971 126 219 515
1972 126 252 599
1973 126 253 657
1974 126 260 138
1975 126 262 185
1976 126 284 532
1977 126 293 918
1978 127 129 4
1979 127 134 356
1980 127 152 504
1981 127 200 166
1982 127 232 275
1983 127 240 58
1984 127 263 303
1985 127 284 448
1986 128 138 369
1987 128 174 279
1988 128 203 661
1989 128 217 144
1990 128 227 607
1991 128 243 544
1992 128 251 441
1993 128 252 12
1994 128 260 993
1995 128 278 810
1996 129 130 758
1997 129 193 867
1998 129 210 208
1999 129 215 831
2000 129 219 483
2001 129 236 796
2002 129 270 931
2003 129 272 993
2004 129 273 298
2005 129 295 493
2006 130 140 433
2007 130 142 694
2008 130 149 985
2009 130 177 29
2010 130 180 437
2011 130 227 287
2012 130 256 487
2013 130 268 399
2014 130 270 3
2015 130 285 996
2016 130 295 517
2017 130 297 666
2018 130 298 268
2019 130 299 723
2020 131 134 444
2021 131 136 573
2022 131 146 513
2023 131 165 748
2024 131 169 635
2025 131 173 157
2026 131 185 276
2027 131 205 48
2028 131 233 915
2029 131 253 745
2030 131 293 281
2031 132 138 316
2032 132 151 908
2033 132 159 482
2034 132 163 402
2035 132 178 81
2036 132 184 407
2037 132 187 563
2038 132 193 995
2039 132 210 305
2040 132 212 582
2041 132 258 307
2042 132 271 725
2043 132 295 224
2044 133 134 840
2045 133 142 465
2046 133 145 99
2047 133 151 378
2048 133 169 642
2049 133 175 927
2050 133 177 146
2051 133 197 735
2052 133 204 677
2053 133 226 419
2054 133 227 545
2055 133 243 308
2056 133 259 581
2057 133 267 852
2058 133 271 461
2059 133 274 814
2060 133 275 692
2061 133 298 941
2062 134 135 472
2063 134 142 190
2064 134 167 12
2065 134 193 571
2066 134 231 704
2067 134 237 772
2068 134 239 492
2069 134 280 163
2070 134 285 948
2071 134 292 972
2072 135 158 107
2073 135 159 428
2074 135 161 293
2075 135 164 230
2076 135 169 266
2077 135 172 988
2078 135 180 472
2079 135 213 879
2080 135 217 15
2081 135 229 706
2082 135 233 949
2083 135 236 602
2084 135 245 175
2085 135 249 466
2086 135 279 229
2087 136 151 387
2088 136 155 604
2089 136 171 96
2090 136 173 638
2091 136 183 467
2092 136 184 498
2093 136 200 665
2094 136 219 385
2095 136 232 593
2096 136 246 418
2097 136 257 595
2098 136 268 197
2099 136 280 890
2100 136 287 6
2101 137 157 243
2102 137 159 604
2103 137 168 521
2104 137 193 41
2105 137 201 830
2106 137 210 330
2107 137 233 268
2108 137 240 289
2109 137 261 454
2110 137 265 899
2111 137 281 514
2112 137 297 622
2113 137 298 692
2114 138 149 931
2115 138 156 335
2116 138 165 806
2117 138 176 327
2118 138 200 834
2119 138 202 344
2120 138 205 130
2121 138 220 928
2122 138 225 958
2123 138 229 870
2124 138 253 564
2125 138 280 957
2126 139 181 646
2127 139 184 546
2128 139 211 815
2129 139 233 161
2130 139 262 947
2131 139 263 493
2132 139 265 610
2133 139 270 114
2134 139 277 120
2135 139 280 80
2136 139 285 818
2137 140 184 191
2138 140 187 782
2139 140 210 10
2140 140 266 872
2141 140 269 355
2142 140 282 387
2143 140 291 423
2144 140 294 546
2145 141 156 720
2146 141 163 470
2147 141 165 873
2148 141 167 666
2149 141 171 168
2150 141 188 168
2151 141 234 84
2152 141 235 45
2153 141 236 75
2154 141 244 13
2155 142 170 228
2156 142 197 931
2157 142 223 559
2158 142 235 773
2159 142 237 614
2160 142 260 682
2161 142 279 990
2162 142 291 820
2163 142 292 245
2164 143 180 347
2165 143 187 397
2166 143 206 886
2167 143 232 570
2168 143 255 819
2169 143 292 110
2170 144 145 938
2171 144 172 965
2172 144 173 180
2173 144 205 840
2174 144 212 775
2175 144 215 493
2176 144 233 499
2177 144 239 286
2178 144 241 417
2179 144 243 559
2180 144 250 498
2181 144 255 288
2182 144 276 576
2183 144 279 633
2184 144 293 765
2185 144 300 913
2186 145 158 441
2187 145 170 771
2188 145 196 576
2189 145 218 871
2190 145 219 167
2191 145 221 397
2192 145 240 208
2193 145 269 471
2194 145 276 940
2195 145 280 116
2196 146 153 685
2197 146 157 27
2198 146 170 863
2199 146 215 139
2200 146 230 945
2201 146 233 701
2202 146 236 165
2203 146 241 643
2204 146 246 695
2205 146 252 759
2206 146 291 152
2207 147 155 976
2208 147 170 735
2209 147 181 254
2210 147 222 120
2211 147 223 994
2212 147 233 863
2213 147 234 14
2214 147 244 786
2215 147 251 879
2216 147 253 757
2217 147 262 308
2218 147 263 4
2219 147 270 791
2220 147 272 904
2221 147 283 110
2222 147 285 320
2223 147 289 858
2224 148 155 261
2225 148 181 581
2226 148 200 607
2227 148 233 470
2228 148 242 251
2229 148 250 286
2230 148 258 777
2231 148 273 455
2232 148 277 429
2233 148 293 74
2234 149 152 670
2235 149 156 494
2236 149 176 159
2237 149 201 155
2238 149 236 525
2239 149 241 899
2240 149 247 448
2241 149 250 559
2242 149 254 3
2243 149 277 779
2244 149 279 165
2245 150 185 197
2246 150 190 796
2247 150 201 456
2248 150 202 960
2249 150 206 637
2250 150 214 45
2251 150 230 971
2252 150 258 720
2253 150 272 808
2254 150 273 281
2255 150 292 498
2256 151 174 250
2257 151 180 640
2258 151 199 841
2259 151 219 780
2260 151 235 361
2261 151 262 894
2262 151 266 780
2263 151 284 305
2264 151 296 843
2265 152 165 373
2266 152 190 715
2267 152 191 307
2268 152 207 287
2269 152 251 554
2270 152 262 362
2271 153 155 138
2272 153 179 507
2273 153 183 970
2274 153 212 699
2275 153 251 937
2276 153 277 245
2277 153 279 457
2278 153 280 898
2279 153 287 332
2280 153 299 675
2281 154 157 696
2282 154 174 291
2283 154 178 66
2284 154 196 253
2285 154 217 841
2286 154 233 965
2287 154 240 476
2288 154 244 564
2289 154 261 180
2290 154 291 919
2291 154 294 135
2292 155 156 756
2293 155 171 858
2294 155 175 264
2295 155 213 66
2296 155 233 769
2297 155 238 665
2298 155 252 837
2299 155 255 745
2300 155 257 633
2301 155 266 643
2302 155 267 725
2303 155 269 927
2304 155 275 515
2305 155 300 29
2306 156 160 276
2307 156 242 960
2308 156 244 78
2309 156 260 519
2310 156 267 282
2311 156 272 710
2312 156 289 36
2313 156 292 777
2314 157 158 721
2315 157 213 521
2316 157 222 599
2317 157 252 68
2318 157 256 586
2319 157 270 448
2320 157 271 543
2321 157 276 561
2322 157 280 390
2323 157 285 959
2324 157 291 660
2325 158 162 175
2326 158 189 858
2327 158 195 15
2328 158 196 82
2329 158 225 938
2330 158 229 859
2331 158 253 395
2332 158 272 271
2333 158 274 969
2334 158 278 852
2335 159 169 882
2336 159 171 714
2337 159 174 163
2338 159 177 954
2339 159 193 51
2340 159 206 420
2341 159 228 722
2342 159 275 548
2343 159 287 859
2344 159 288 807
2345 160 170 402
2346 160 191 348
2347 160 197 698
2348 160 212 168
2349 160 231 675
2350 160 243 691
2351 160 248 823
2352 160 260 240
2353 160 274 115
2354 160 292 42
2355 161 170 829
2356 161 207 75
2357 161 238 582
2358 161 242 461
2359 161 255 684
2360 161 256 494
2361 161 264 511
2362 161 268 119
2363 162 167 236
2364 162 171 351
2365 162 180 278
2366 162 205 340
2367 162 234 254
2368 162 239 662
2369 162 241 500
2370 162 248 402
2371 163 178 871
2372 163 220 16
2373 163 232 954
2374 163 247 516
2375 163 259 884
2376 163 271 30
2377 163 272 316
2378 163 276 338
2379 163 300 662
2380 164 168 487
2381 164 169 678
2382 164 175 870
2383 164 228 389
2384 164 269 163
2385 164 279 433
2386 164 290 549
2387 164 291 17
2388 165 192 53
2389 165 215 961
2390 166 174 81
2391 166 182 357
2392 166 183 554
2393 166 199 745
2394 166 200 19
2395 166 251 40
2396 166 290 639
2397 166 300 948
2398 167 196 100
2399 167 206 768
2400 167 208 870
2401 167 209 362
2402 167 212 646
2403 167 256 472
2404 167 265 285
2405 167 278 531
2406 167 286 840
2407 167 297 736
2408 168 177 587
2409 168 187 91
2410 168 210 699
2411 168 217 17
2412 168 224 941
2413 168 225 819
2414 168 242 641
2415 168 250 833
2416 168 251 740
2417 168 264 927
2418 168 269 168
2419 168 285 771
2420 169 174 806
2421 169 214 326
2422 169 247 995
2423 169 250 426
2424 169 259 572
2425 169 279 441
2426 169 295 837
2427 170 189 580
2428 170 200 854
2429 170 201 905
2430 170 205 103
2431 170 242 566
2432 170 257 236
2433 170 260 795
2434 171 189 8
2435 171 195 903
2436 171 197 632
2437 171 206 397
2438 171 215 558
2439 171 225 9
2440 171 228 321
2441 171 246 577
2442 171 247 270
2443 171 248 49
2444 171 249 682
2445 171 260 18
2446 171 264 175
2447 171 277 568
2448 171 288 899
2449 171 298 197
2450 172 174 94
2451 172 213 572
2452 172 255 571
2453 172 263 83
2454 172 279 611
2455 172 285 647
2456 172 290 826
2457 173 201 495
2458 173 215 951
2459 173 244 36
2460 173 251 384
2461 173 259 434
2462 173 260 109
2463 173 278 285
2464 174 189 875
2465 174 190 220
2466 174 199 369
2467 174 201 866
2468 174 204 535
2469 174 267 477
2470 174 280 799
2471 174 285 841
2472 175 181 173
2473 175 185 872
2474 175 186 752
2475 175 203 998
2476 175 234 997
2477 175 239 847
2478 175 241 204
2479 175 243 908
2480 175 255 642
2481 175 259 304
2482 175 262 396
2483 175 264 460
2484 175 271 353
2485 175 278 205
2486 175 298 570
2487 176 190 705
2488 176 201 711
2489 176 202 52
2490 176 206 568
2491 176 208 494
2492 176 221 254
2493 176 224 567
2494 176 234 61
2495 176 241 204
2496 176 260 657
2497 177 186 322
2498 177 187 397
2499 177 202 97
2500 177 207 496
2501 177 220 578
2502 177 244 699
2503 177 246 700
2504 177 263 40
2505 177 279 888
2506 177 292 390
2507 178 188 282
2508 178 189 153
2509 178 198 151
2510 178 204 596
2511 178 209 210
2512 178 212 592
2513 178 220 215
2514 178 225 745
2515 178 233 865
2516 178 243 909
2517 178 285 402
2518 178 288 254
2519 178 297 145
2520 179 182 584
2521 179 197 375
2522 179 218 949
2523 179 248 356
2524 179 255 786
2525 179 276 964
2526 179 278 4
2527 179 288 755
2528 179 300 201
2529 180 227 789
2530 180 252 841
2531 180 279 387
2532 180 300 543
2533 181 185 710
2534 181 186 138
2535 181 190 645
2536 181 197 642
2537 181 205 69
2538 181 206 401
2539 181 220 318
2540 181 229 915
2541 181 240 756
2542 181 260 243
2543 181 263 437
2544 181 274 278
2545 181 289 849
2546 182 190 872
2547 182 194 676
2548 182 235 721
2549 182 253 48
2550 182 262 411
2551 182 265 130
2552 182 266 128
2553 182 281 689
2554 182 290 248
2555 183 185 649
2556 183 215 849
2557 183 237 61
2558 183 243 860
2559 183 244 232
2560 183 299 25
2561 184 185 238
2562 184 201 611
2563 184 202 142
2564 184 207 140
2565 184 219 375
2566 184 238 656
2567 184 249 299
2568 184 277 824
2569 185 195 648
2570 185 201 872
2571 185 210 221
2572 185 217 491
2573 185 220 986
2574 185 221 792
2575 185 231 343
2576 185 236 277
2577 185 253 291
2578 185 279 649
2579 185 280 433
2580 185 284 894
2581 185 299 305
2582 186 211 13
2583 186 221 650
2584 186 229 771
2585 186 258 480
2586 186 260 148
2587 186 271 618
2588 186 273 853
2589 187 191 380
2590 187 203 636
2591 187 210 229
2592 187 244 143
2593 187 289 875
2594 187 294 611
2595 188 233 545
2596 188 241 523
2597 188 243 289
2598 188 277 926
2599 188 282 141
2600 188 287 265
2601 189 234 793
2602 189 237 283
2603 189 262 561
2604 189 274 371
2605 189 284 788
2606 190 199 50
2607 190 228 137
2608 190 258 377
2609 190 294 213
2610 191 212 334
2611 191 245 399
2612 191 273 526
2613 191 286 372
2614 191 287 793
2615 192 195 928
2616 192 199 77
2617 192 222 430
2618 192 225 369
2619 192 230 879
2620 192 241 265
2621 192 245 801
2622 192 259 410
2623 192 278 81
2624 192 287 224
2625 192 291 910
2626 192 297 634
2627 192 299 438
2628 193 226 675
2629 193 242 839
2630 193 253 465
2631 193 255 337
2632 193 258 418
2633 193 261 159
2634 193 267 438
2635 193 276 913
2636 193 281 643
2637 193 283 402
2638 193 284 870
2639 193 294 578
2640 194 195 648
2641 194 222 795
2642 194 246 539
2643 194 275 150
2644 194 284 13
2645 194 286 117
2646 194 289 429
2647 194 295 309
2648 195 208 648
2649 195 225 579
2650 195 227 84
2651 195 233 857
2652 195 262 491
2653 195 275 232
2654 195 286 591
2655 196 201 31
2656 196 220 961
2657 196 224 702
2658 196 243 413
2659 196 248 67
2660 196 267 242
2661 196 276 597
2662 196 287 221
2663 197 213 632
2664 197 218 499
2665 197 258 171
2666 197 276 66
2667 197 283 779
2668 197 286 97
2669 197 294 434
2670 198 209 870
2671 198 221 412
2672 198 231 842
2673 198 232 981
2674 198 235 919
2675 198 244 775
2676 198 287 12
2677 198 288 177
2678 198 291 817
2679 198 298 814
2680 199 224 397
2681 199 231 191
2682 199 249 372
2683 199 251 835
2684 199 267 459
2685 199 286 977
2686 199 296 76
2687 199 299 556
2688 200 220 645
2689 200 224 59
2690 200 231 441
2691 200 234 79
2692 200 246 231
2693 200 253 331
2694 200 266 983
2695 200 288 602
2696 201 211 687
2697 201 216 523
2698 201 221 122
2699 201 228 491
2700 201 278 923
2701 201 289 668
2702 201 299 931
2703 202 218 726
2704 202 232 278
2705 202 242 439
2706 202 268 931
2707 202 276 800
2708 202 280 313
2709 203 209 849
2710 203 214 857
2711 203 237 76
2712 203 258 326
2713 203 270 41
2714 204 243 50
2715 204 256 547
2716 204 260 41
2717 204 272 903
2718 204 279 330
2719 204 284 183
2720 205 206 569
2721 205 224 26
2722 205 232 771
2723 205 239 11
2724 205 241 506
2725 205 242 779
2726 205 248 755
2727 205 278 643
2728 206 234 55
2729 206 287 403
2730 207 209 583
2731 207 225 27
2732 207 234 340
2733 207 239 879
2734 207 245 853
2735 207 248 391
2736 207 282 69
2737 207 289 574
2738 207 296 447
2739 208 229 513
2740 208 231 790
2741 208 251 315
2742 208 279 818
2743 208 282 718
2744 208 297 825
2745 209 212 240
2746 209 214 848
2747 209 249 776
2748 209 250 424
2749 209 255 625
2750 209 261 756
2751 209 265 138
2752 209 274 696
2753 209 290 869
2754 210 214 427
2755 210 229 38
2756 210 244 245
2757 210 256 701
2758 210 278 166
2759 210 292 879
2760 211 242 616
2761 211 253 602
2762 211 255 937
2763 211 257 59
2764 211 272 705
2765 212 217 11
2766 212 283 704
2767 212 290 40
2768 212 297 87
2769 212 300 540
2770 213 228 138
2771 213 262 888
2772 213 266 227
2773 213 272 484
2774 213 281 534
2775 213 282 251
2776 213 300 408
2777 214 258 810
2778 214 282 496
2779 215 224 845
2780 215 226 453
2781 215 262 489
2782 215 278 193
2783 215 287 840
2784 215 296 632
2785 216 242 870
2786 216 243 58
2787 216 253 448
2788 216 280 713
2789 216 286 521
2790 217 222 922
2791 217 234 772
2792 217 261 296
2793 217 269 384
2794 217 282 287
2795 217 299 901
2796 218 222 540
2797 218 258 263
2798 218 271 312
2799 218 299 761
2800 219 224 590
2801 219 228 306
2802 219 258 125
2803 219 266 390
2804 219 279 143
2805 219 282 14
2806 219 294 162
2807 220 225 172
2808 220 267 539
2809 220 273 649
2810 220 278 637
2811 220 291 136
2812 220 292 608
2813 220 299 302
2814 221 224 256
2815 221 239 91
2816 221 252 605
2817 221 267 219
2818 221 270 477
2819 221 287 474
2820 221 296 52
2821 222 240 366
2822 222 256 528
2823 222 284 341
2824 223 226 989
2825 223 251 354
2826 223 255 768
2827 223 270 103
2828 223 294 295
2829 224 247 144
2830 224 262 278
2831 224 273 604
2832 224 289 843
2833 224 296 577
2834 225 263 34
2835 225 269 7
2836 226 255 937
2837 227 243 671
2838 227 256 805
2839 227 268 967
2840 227 273 778
2841 227 294 972
2842 228 241 864
2843 228 256 218
2844 228 280 499
2845 228 281 660
2846 228 299 896
2847 229 237 529
2848 229 238 761
2849 229 275 769
2850 229 279 139
2851 229 280 592
2852 229 299 535
2853 230 232 155
2854 230 242 653
2855 230 268 943
2856 230 272 304
2857 231 253 642
2858 231 256 451
2859 231 266 983
2860 231 279 722
2861 231 296 984
2862 232 244 136
2863 232 245 300
2864 232 254 478
2865 232 261 25
2866 233 256 494
2867 233 285 113
2868 233 290 230
2869 234 287 728
2870 235 237 899
2871 235 256 45
2872 236 267 328
2873 236 275 59
2874 236 297 933
2875 237 239 826
2876 237 242 243
2877 237 264 797
2878 237 268 617
2879 237 282 69
2880 238 239 512
2881 238 244 845
2882 238 248 689
2883 238 266 222
2884 238 296 137
2885 239 241 396
2886 239 248 198
2887 239 251 958
2888 239 257 795
2889 239 277 585
2890 239 292 425
2891 240 279 558
2892 241 252 308
2893 241 262 925
2894 241 264 443
2895 241 280 603
2896 241 294 984
2897 242 245 165
2898 242 247 822
2899 242 253 262
2900 242 281 563
2901 242 291 571
2902 243 269 114
2903 243 284 913
2904 243 287 528
2905 244 249 107
2906 244 258 308
2907 244 295 865
2908 245 266 152
2909 245 282 383
2910 246 276 306
2911 246 277 944
2912 246 285 537
2913 247 280 615
2914 247 287 681
2915 247 290 454
2916 248 256 446
2917 248 268 335
2918 248 270 571
2919 248 282 907
2920 249 273 113
2921 249 288 346
2922 249 299 45
2923 250 257 933
2924 250 279 656
2925 250 282 222
2926 250 288 257
2927 250 296 969
2928 251 281 795
2929 252 267 690
2930 253 256 94
2931 253 264 721
2932 253 278 806
2933 253 288 56
2934 254 262 225
2935 254 297 396
2936 254 299 425
2937 254 300 625
2938 255 267 140
2939 255 273 474
2940 255 274 263
2941 255 276 878
2942 255 283 401
2943 256 297 327
2944 257 267 151
2945 257 272 171
2946 257 300 77
2947 258 267 18
2948 258 284 727
2949 259 261 557
2950 259 294 58
2951 260 292 292
2952 260 294 473
2953 261 264 569
2954 261 286 634
2955 261 300 253
2956 262 270 265
2957 262 271 106
2958 262 300 435
2959 264 283 455
2960 264 292 928
2961 264 297 588
2962 264 299 468
2963 265 284 913
2964 265 298 681
2965 266 272 795
2966 266 294 822
2967 267 288 329
2968 267 296 58
2969 267 297 125
2970 268 289 409
2971 269 270 457
2972 269 290 775
2973 270 290 126
2974 270 291 428
2975 272 276 923
2976 272 287 501
2977 274 276 233
2978 274 285 932
2979 277 294 114
2980 278 280 787
2981 278 294 592
2982 278 299 160
2983 279 286 322
2984 279 289 973
2985 280 291 610
2986 281 285 326
2987 281 298 205
2988 281 299 411
2989 282 293 218
2990 282 295 553
2991 283 290 825
2992 284 291 515
2993 285 287 54
2994 287 300 997
2995 290 298 511
2996 291 299 16
2997 292 300 29
2998 293 295 817
2999 296 298 227
