400
4000
0 1 10 750
1 1 17 637
2 1 19 629
3 1 49 943
4 1 78 706
5 1 144 281
6 1 153 475
7 1 158 163
8 1 210 111
9 1 214 876
10 1 218 327
11 1 232 35
12 1 249 942
13 1 254 805
14 1 271 666
15 1 370 38
16 1 381 617
17 1 397 343
18 2 14 55
19 2 16 326
20 2 59 288
21 2 92 24
22 2 114 499
23 2 116 169
24 2 122 847
25 2 140 29
26 2 150 463
27 2 205 139
28 2 222 444
29 2 243 63
30 2 245 480
31 2 280 205
32 2 281 55
33 2 292 465
34 2 305 627
35 2 316 672
36 2 331 138
37 2 350 530
38 2 351 486
39 2 358 893
40 2 359 3
41 2 360 793
42 3 24 695
43 3 30 43
44 3 35 260
45 3 64 369
46 3 92 744
47 3 112 882
48 3 122 589
49 3 151 201
50 3 170 417
51 3 176 792
52 3 207 784
53 3 212 682
54 3 222 959
55 3 225 879
56 3 286 234
57 3 296 941
58 3 318 546
59 3 361 229
60 3 368 55
61 3 376 31
62 3 390 114
63 3 399 360
64 4 19 807
65 4 28 213
66 4 30 84
67 4 35 995
68 4 37 766
69 4 92 85
70 4 98 604
71 4 112 658
72 4 115 519
73 4 153 735
74 4 165 842
75 4 231 123
76 4 241 144
77 4 247 797
78 4 266 944
79 4 273 881
80 4 312 69
81 4 317 930
82 4 380 708
83 4 390 780
84 5 35 267
85 5 37 725
86 5 39 43
87 5 53 426
88 5 57 400
89 5 78 841
90 5 95 664
91 5 97 411
92 5 109 36
93 5 113 433
94 5 125 692
95 5 153 786
96 5 166 948
97 5 183 622
98 5 184 372
99 5 190 636
100 5 200 979
101 5 244 470
102 5 284 614
103 5 295 59
104 5 320 566
105 5 331 358
106 5 334 958
107 5 353 539
108 5 358 619
109 5 380 800
110 6 15 517
111 6 56 247
112 6 72 461
113 6 74 156
114 6 103 310
115 6 124 739
116 6 142 362
117 6 146 65
118 6 155 546
119 6 162 715
120 6 168 861
121 6 169 554
122 6 189 212
123 6 258 190
124 6 284 786
125 6 293 332
126 6 324 821
127 6 349 180
128 6 376 291
129 7 11 707
130 7 37 16
131 7 42 848
132 7 65 575
133 7 74 993
134 7 77 651
135 7 118 358
136 7 136 219
137 7 144 82
138 7 159 691
139 7 177 578
140 7 187 432
141 7 236 81
142 7 256 561
143 7 269 956
144 7 301 54
145 7 304 975
146 7 324 505
147 7 345 430
148 7 355 717
149 7 377 754
150 7 379 937
151 7 391 293
152 8 45 344
153 8 55 852
154 8 89 700
155 8 110 274
156 8 148 11
157 8 153 393
158 8 184 926
159 8 195 525
160 8 234 286
161 8 237 614
162 8 248 14
163 8 272 991
164 8 290 583
165 8 297 88
166 8 302 212
167 8 308 688
168 8 334 19
169 8 338 794
170 8 348 23
171 8 375 152
172 8 379 400
173 9 24 578
174 9 29 945
175 9 47 591
176 9 77 169
177 9 80 936
178 9 108 693
179 9 130 295
180 9 135 989
181 9 138 396
182 9 161 400
183 9 163 820
184 9 172 106
185 9 201 583
186 9 204 141
187 9 233 838
188 9 251 256
189 9 253 452
190 9 289 381
191 9 349 862
192 10 19 405
193 10 32 216
194 10 56 793
195 10 80 867
196 10 81 642
197 10 82 566
198 10 124 132
199 10 151 234
200 10 152 93
201 10 187 971
202 10 197 495
203 10 201 696
204 10 240 25
205 10 331 290
206 10 337 113
207 10 366 788
208 10 374 933
209 10 376 938
210 11 42 400
211 11 49 102
212 11 59 540
213 11 95 198
214 11 165 738
215 11 179 551
216 11 190 942
217 11 205 423
218 11 254 673
219 11 261 327
220 11 280 339
221 11 292 729
222 11 342 788
223 11 368 940
224 11 378 781
225 12 28 934
226 12 95 93
227 12 99 935
228 12 111 943
229 12 162 543
230 12 219 72
231 12 221 334
232 12 248 952
233 12 263 261
234 12 278 74
235 12 344 8
236 12 347 496
237 12 349 194
238 12 390 370
239 12 396 32
240 13 23 964
241 13 42 707
242 13 44 551
243 13 45 112
244 13 61 340
245 13 84 15
246 13 94 302
247 13 129 417
248 13 145 196
249 13 161 809
250 13 167 556
251 13 220 512
252 13 229 913
253 13 242 595
254 13 253 285
255 13 270 639
256 13 300 324
257 13 316 23
258 13 335 593
259 13 372 679
260 13 386 187
261 14 49 464
262 14 53 215
263 14 61 395
264 14 76 152
265 14 85 507
266 14 107 158
267 14 121 361
268 14 126 979
269 14 143 248
270 14 167 138
271 14 192 868
272 14 197 671
273 14 208 347
274 14 223 847
275 14 268 889
276 14 273 915
277 14 280 48
278 14 281 35
279 14 283 417
280 14 300 59
281 14 335 378
282 14 377 323
283 14 386 735
284 15 20 325
285 15 25 36
286 15 34 863
287 15 68 966
288 15 111 969
289 15 115 407
290 15 134 889
291 15 137 845
292 15 171 728
293 15 197 750
294 15 229 572
295 15 280 913
296 15 303 930
297 15 349 356
298 15 384 574
299 15 387 873
300 16 24 756
301 16 73 98
302 16 74 957
303 16 82 857
304 16 85 473
305 16 90 663
306 16 93 949
307 16 119 725
308 16 130 329
309 16 142 180
310 16 154 218
311 16 183 284
312 16 187 663
313 16 192 883
314 16 240 224
315 16 295 39
316 16 298 800
317 16 316 165
318 16 366 372
319 16 379 322
320 16 385 769
321 16 391 30
322 17 44 648
323 17 52 443
324 17 62 689
325 17 93 899
326 17 98 385
327 17 99 297
328 17 109 673
329 17 123 47
330 17 137 19
331 17 163 195
332 17 205 79
333 17 213 529
334 17 254 753
335 17 274 357
336 17 288 365
337 17 355 810
338 17 365 98
339 17 374 372
340 18 38 87
341 18 97 240
342 18 100 504
343 18 117 335
344 18 135 760
345 18 142 774
346 18 161 585
347 18 190 477
348 18 192 337
349 18 227 713
350 18 295 638
351 18 327 681
352 18 330 512
353 18 336 719
354 18 340 629
355 18 357 910
356 18 373 956
357 19 25 894
358 19 30 586
359 19 88 427
360 19 94 233
361 19 116 241
362 19 146 607
363 19 165 313
364 19 172 995
365 19 188 721
366 19 216 996
367 19 230 40
368 19 253 9
369 19 260 400
370 19 262 572
371 19 271 349
372 19 288 958
373 19 290 416
374 19 301 541
375 19 310 239
376 19 348 96
377 19 362 645
378 19 398 378
379 20 41 965
380 20 52 956
381 20 75 625
382 20 104 992
383 20 149 20
384 20 200 498
385 20 212 219
386 20 213 856
387 20 236 217
388 20 240 896
389 20 266 843
390 20 268 60
391 20 280 742
392 20 283 438
393 20 315 627
394 20 321 380
395 20 351 441
396 20 365 465
397 20 376 341
398 21 41 744
399 21 49 782
400 21 115 507
401 21 168 46
402 21 179 857
403 21 183 865
404 21 204 643
405 21 283 442
406 21 286 205
407 21 306 111
408 21 322 902
409 21 326 133
410 21 354 914
411 21 358 52
412 21 400 622
413 22 23 245
414 22 30 242
415 22 39 241
416 22 45 589
417 22 66 708
418 22 75 532
419 22 80 362
420 22 99 587
421 22 128 173
422 22 164 507
423 22 184 672
424 22 222 315
425 22 266 573
426 22 286 714
427 22 288 888
428 22 299 70
429 22 321 34
430 22 348 692
431 22 363 223
432 22 389 665
433 23 73 600
434 23 100 973
435 23 131 500
436 23 161 596
437 23 167 302
438 23 188 825
439 23 226 577
440 23 255 826
441 23 265 45
442 23 278 247
443 23 330 822
444 23 356 772
445 23 378 764
446 24 33 763
447 24 42 908
448 24 87 863
449 24 92 464
450 24 109 880
451 24 141 690
452 24 145 110
453 24 148 571
454 24 164 973
455 24 176 207
456 24 203 806
457 24 209 535
458 24 213 474
459 24 240 259
460 24 244 671
461 24 276 58
462 24 291 713
463 24 294 925
464 24 302 496
465 24 305 522
466 25 74 716
467 25 164 141
468 25 203 551
469 25 210 249
470 25 217 540
471 25 229 458
472 25 246 138
473 25 261 673
474 25 297 616
475 25 309 435
476 25 315 510
477 25 353 799
478 25 358 191
479 25 373 785
480 25 375 577
481 26 50 794
482 26 52 724
483 26 85 927
484 26 87 915
485 26 111 175
486 26 118 385
487 26 155 140
488 26 172 249
489 26 173 874
490 26 253 12
491 26 275 429
492 26 292 158
493 26 298 789
494 26 305 275
495 26 312 232
496 26 313 118
497 26 321 811
498 26 343 918
499 26 379 428
500 26 387 651
501 27 41 271
502 27 58 697
503 27 97 755
504 27 121 741
505 27 158 644
506 27 164 844
507 27 200 352
508 27 225 707
509 27 233 941
510 27 244 485
511 27 281 215
512 27 299 905
513 27 306 182
514 27 307 11
515 27 327 731
516 27 361 902
517 27 365 177
518 27 379 660
519 28 35 9
520 28 42 103
521 28 56 69
522 28 72 749
523 28 74 885
524 28 93 763
525 28 124 467
526 28 137 851
527 28 172 975
528 28 179 291
529 28 182 477
530 28 200 97
531 28 211 446
532 28 212 848
533 28 215 471
534 28 262 659
535 28 268 716
536 28 306 731
537 28 311 658
538 28 378 683
539 29 38 555
540 29 68 900
541 29 98 186
542 29 128 678
543 29 132 692
544 29 148 958
545 29 176 622
546 29 193 597
547 29 246 126
548 29 272 698
549 29 315 801
550 29 338 724
551 29 344 871
552 30 45 515
553 30 54 517
554 30 66 75
555 30 72 508
556 30 82 617
557 30 107 253
558 30 155 969
559 30 170 145
560 30 173 817
561 30 203 424
562 30 222 197
563 30 277 105
564 30 318 291
565 30 331 244
566 30 342 215
567 30 349 871
568 30 352 931
569 30 363 75
570 31 41 619
571 31 69 961
572 31 76 878
573 31 92 290
574 31 121 245
575 31 171 801
576 31 191 804
577 31 200 901
578 31 201 848
579 31 208 253
580 31 228 362
581 31 238 538
582 31 256 523
583 31 299 16
584 31 313 444
585 31 320 122
586 31 324 628
587 31 352 270
588 31 386 152
589 32 46 79
590 32 71 481
591 32 85 729
592 32 103 128
593 32 134 79
594 32 142 857
595 32 158 253
596 32 159 386
597 32 175 374
598 32 187 33
599 32 192 534
600 32 203 485
601 32 235 419
602 32 238 338
603 32 258 494
604 32 331 210
605 32 386 859
606 33 36 215
607 33 37 597
608 33 51 354
609 33 61 175
610 33 68 818
611 33 86 789
612 33 91 629
613 33 98 390
614 33 148 927
615 33 161 718
616 33 173 594
617 33 196 449
618 33 252 410
619 33 259 65
620 33 279 564
621 33 283 263
622 33 288 298
623 33 299 449
624 33 304 292
625 33 312 3
626 33 333 515
627 33 354 680
628 33 358 811
629 33 362 395
630 33 388 154
631 34 37 319
632 34 48 440
633 34 67 919
634 34 87 48
635 34 100 379
636 34 108 445
637 34 133 706
638 34 162 220
639 34 196 314
640 34 200 980
641 34 211 556
642 34 239 494
643 34 263 170
644 34 291 882
645 34 301 362
646 34 319 798
647 34 343 590
648 34 385 78
649 35 56 337
650 35 64 977
651 35 68 411
652 35 81 327
653 35 125 627
654 35 130 504
655 35 147 44
656 35 174 34
657 35 183 20
658 35 208 950
659 35 212 831
660 35 241 350
661 35 271 576
662 35 283 85
663 35 294 658
664 35 322 639
665 35 335 578
666 35 356 248
667 35 374 268
668 36 71 927
669 36 76 775
670 36 84 310
671 36 91 58
672 36 151 730
673 36 155 69
674 36 170 789
675 36 197 551
676 36 203 479
677 36 210 483
678 36 236 842
679 36 243 680
680 36 253 86
681 36 308 670
682 36 314 599
683 36 321 691
684 36 328 69
685 36 338 883
686 36 345 538
687 36 360 414
688 36 376 186
689 36 379 51
690 37 38 27
691 37 66 608
692 37 152 818
693 37 183 531
694 37 259 583
695 37 260 349
696 37 272 588
697 37 282 272
698 37 377 529
699 37 380 259
700 38 55 783
701 38 79 608
702 38 98 710
703 38 121 244
704 38 127 899
705 38 151 399
706 38 169 688
707 38 177 411
708 38 237 11
709 38 254 20
710 38 261 830
711 38 286 309
712 38 365 588
713 38 374 154
714 38 377 198
715 39 67 158
716 39 90 935
717 39 104 789
718 39 112 95
719 39 120 767
720 39 137 459
721 39 148 576
722 39 149 165
723 39 169 96
724 39 170 27
725 39 182 814
726 39 187 585
727 39 190 475
728 39 203 102
729 39 207 293
730 39 262 762
731 39 275 101
732 39 282 481
733 39 304 270
734 39 312 164
735 39 320 808
736 39 324 245
737 39 329 539
738 39 330 227
739 39 336 72
740 39 358 664
741 39 390 792
742 39 393 362
743 40 77 416
744 40 87 147
745 40 101 630
746 40 149 76
747 40 152 208
748 40 153 439
749 40 164 95
750 40 195 315
751 40 257 293
752 40 263 376
753 40 270 251
754 40 317 699
755 40 325 539
756 40 354 122
757 40 368 993
758 40 369 685
759 41 75 530
760 41 85 811
761 41 146 781
762 41 152 177
763 41 180 800
764 41 186 423
765 41 198 966
766 41 210 739
767 41 242 85
768 41 256 211
769 41 268 319
770 41 269 341
771 41 276 141
772 41 284 566
773 41 294 789
774 41 372 775
775 41 380 447
776 41 384 862
777 41 393 213
778 42 55 457
779 42 56 51
780 42 61 292
781 42 90 229
782 42 110 446
783 42 112 95
784 42 126 109
785 42 140 203
786 42 160 263
787 42 172 396
788 42 184 258
789 42 185 428
790 42 229 286
791 42 256 69
792 42 261 734
793 42 270 123
794 42 279 686
795 42 314 175
796 42 328 435
797 42 353 638
798 42 359 660
799 42 366 484
800 43 67 814
801 43 101 74
802 43 117 502
803 43 130 297
804 43 131 304
805 43 137 465
806 43 160 527
807 43 181 494
808 43 182 653
809 43 232 550
810 43 262 938
811 43 331 616
812 43 336 196
813 43 359 228
814 43 375 2
815 43 388 107
816 44 63 424
817 44 91 292
818 44 103 899
819 44 123 646
820 44 134 706
821 44 138 760
822 44 146 352
823 44 148 940
824 44 151 81
825 44 162 833
826 44 169 925
827 44 192 122
828 44 200 752
829 44 205 47
830 44 218 688
831 44 225 481
832 44 243 747
833 44 246 176
834 44 298 230
835 44 346 637
836 44 369 250
837 44 383 414
838 45 49 473
839 45 85 589
840 45 93 606
841 45 111 70
842 45 130 179
843 45 178 380
844 45 183 508
845 45 188 753
846 45 197 762
847 45 218 614
848 45 225 881
849 45 229 434
850 45 260 548
851 45 300 557
852 45 313 31
853 45 376 816
854 45 382 452
855 46 53 494
856 46 55 810
857 46 63 710
858 46 157 82
859 46 206 206
860 46 219 469
861 46 231 526
862 46 237 534
863 46 277 813
864 46 294 175
865 46 319 645
866 47 72 17
867 47 136 919
868 47 151 643
869 47 161 563
870 47 219 217
871 47 268 441
872 47 310 10
873 47 325 765
874 47 365 118
875 47 376 201
876 47 386 785
877 48 91 940
878 48 104 878
879 48 121 641
880 48 191 843
881 48 195 894
882 48 202 120
883 48 217 919
884 48 258 903
885 48 269 808
886 48 280 872
887 48 288 8
888 48 297 228
889 48 310 839
890 48 325 105
891 48 344 131
892 48 392 728
893 49 56 904
894 49 80 418
895 49 84 942
896 49 88 60
897 49 91 529
898 49 94 20
899 49 106 230
900 49 110 187
901 49 113 417
902 49 156 468
903 49 167 465
904 49 203 675
905 49 251 217
906 49 266 646
907 49 268 45
908 49 301 339
909 49 320 504
910 49 322 203
911 49 327 812
912 49 332 121
913 49 357 551
914 49 361 140
915 50 52 342
916 50 120 379
917 50 126 763
918 50 168 805
919 50 253 440
920 50 290 836
921 50 307 238
922 50 333 887
923 50 342 833
924 50 369 811
925 50 378 111
926 51 58 768
927 51 63 229
928 51 88 37
929 51 90 224
930 51 95 18
931 51 130 101
932 51 149 962
933 51 150 280
934 51 190 900
935 51 204 136
936 51 230 201
937 51 261 584
938 51 296 802
939 51 315 696
940 51 336 874
941 51 355 303
942 51 356 686
943 51 366 747
944 51 382 105
945 52 90 576
946 52 95 337
947 52 108 932
948 52 112 301
949 52 123 762
950 52 124 273
951 52 165 955
952 52 264 658
953 52 271 677
954 52 312 130
955 52 329 767
956 52 330 430
957 52 333 52
958 52 354 270
959 52 355 620
960 52 361 973
961 52 368 967
962 52 369 312
963 52 395 40
964 53 64 214
965 53 95 507
966 53 161 165
967 53 177 282
968 53 202 962
969 53 246 735
970 53 255 86
971 53 295 911
972 53 308 809
973 53 311 46
974 53 351 522
975 53 354 689
976 53 358 95
977 53 378 887
978 54 61 17
979 54 71 810
980 54 112 723
981 54 131 227
982 54 143 653
983 54 159 581
984 54 182 968
985 54 189 623
986 54 218 339
987 54 282 295
988 54 289 278
989 54 318 990
990 54 364 609
991 54 367 135
992 54 382 898
993 55 56 474
994 55 64 406
995 55 71 623
996 55 89 159
997 55 101 666
998 55 113 409
999 55 142 668
1000 55 162 104
1001 55 189 866
1002 55 192 66
1003 55 196 225
1004 55 223 248
1005 55 227 296
1006 55 251 439
1007 55 267 34
1008 55 301 54
1009 55 303 831
1010 55 314 685
1011 55 327 889
1012 55 334 882
1013 55 354 239
1014 55 358 775
1015 55 380 322
1016 55 385 661
1017 56 80 199
1018 56 81 766
1019 56 84 245
1020 56 92 681
1021 56 111 276
1022 56 151 561
1023 56 161 664
1024 56 171 324
1025 56 179 525
1026 56 183 950
1027 56 211 525
1028 56 215 2
1029 56 230 85
1030 56 231 945
1031 56 249 918
1032 56 263 90
1033 56 301 168
1034 56 308 601
1035 56 374 688
1036 56 380 498
1037 57 60 840
1038 57 89 835
1039 57 91 12
1040 57 108 931
1041 57 114 532
1042 57 153 280
1043 57 178 264
1044 57 194 488
1045 57 304 276
1046 57 316 728
1047 57 320 807
1048 57 325 124
1049 57 326 661
1050 57 336 501
1051 57 368 335
1052 57 390 593
1053 58 95 568
1054 58 127 863
1055 58 180 174
1056 58 226 173
1057 58 265 803
1058 58 339 209
1059 58 371 941
1060 58 390 588
1061 58 394 548
1062 59 75 644
1063 59 91 612
1064 59 97 184
1065 59 130 600
1066 59 174 146
1067 59 183 753
1068 59 202 324
1069 59 209 741
1070 59 218 531
1071 59 237 591
1072 59 250 927
1073 59 255 834
1074 59 290 146
1075 59 308 94
1076 59 320 733
1077 59 329 928
1078 59 353 264
1079 60 104 921
1080 60 111 966
1081 60 138 918
1082 60 144 909
1083 60 152 972
1084 60 199 326
1085 60 216 970
1086 60 222 49
1087 60 247 1
1088 60 265 660
1089 60 289 6
1090 60 303 412
1091 60 325 604
1092 60 326 982
1093 60 328 921
1094 60 378 960
1095 61 63 630
1096 61 65 542
1097 61 87 965
1098 61 114 285
1099 61 115 711
1100 61 123 342
1101 61 128 387
1102 61 173 507
1103 61 175 220
1104 61 184 372
1105 61 188 14
1106 61 272 306
1107 61 276 673
1108 61 294 367
1109 61 323 238
1110 61 330 840
1111 61 349 152
1112 62 127 736
1113 62 139 933
1114 62 145 533
1115 62 151 282
1116 62 197 214
1117 62 213 157
1118 62 218 999
1119 62 222 637
1120 62 246 831
1121 62 257 154
1122 62 284 508
1123 62 326 339
1124 62 328 276
1125 62 330 394
1126 62 335 717
1127 62 337 334
1128 62 376 680
1129 62 380 66
1130 63 85 47
1131 63 122 586
1132 63 131 927
1133 63 166 717
1134 63 185 204
1135 63 200 915
1136 63 232 459
1137 63 235 961
1138 63 316 528
1139 63 317 156
1140 63 327 843
1141 63 357 928
1142 64 84 306
1143 64 100 762
1144 64 145 440
1145 64 169 542
1146 64 196 209
1147 64 203 356
1148 64 229 856
1149 64 250 954
1150 64 275 218
1151 64 277 217
1152 64 279 398
1153 64 292 631
1154 64 313 374
1155 64 339 523
1156 64 361 90
1157 64 373 304
1158 64 398 32
1159 65 86 536
1160 65 106 177
1161 65 123 869
1162 65 131 739
1163 65 143 292
1164 65 173 9
1165 65 243 59
1166 65 268 669
1167 65 323 344
1168 65 342 704
1169 65 344 588
1170 65 372 167
1171 65 378 290
1172 65 379 581
1173 66 90 598
1174 66 108 105
1175 66 121 654
1176 66 131 252
1177 66 137 698
1178 66 151 678
1179 66 170 570
1180 66 177 625
1181 66 186 14
1182 66 203 313
1183 66 238 392
1184 66 241 337
1185 66 247 396
1186 66 299 17
1187 66 316 325
1188 66 323 334
1189 66 330 891
1190 66 353 851
1191 66 363 263
1192 66 376 933
1193 66 382 179
1194 67 71 855
1195 67 92 612
1196 67 96 185
1197 67 133 994
1198 67 141 274
1199 67 142 761
1200 67 151 551
1201 67 158 364
1202 67 168 268
1203 67 176 56
1204 67 196 792
1205 67 235 26
1206 67 280 767
1207 67 288 117
1208 67 291 291
1209 67 326 21
1210 67 346 592
1211 67 353 167
1212 67 360 734
1213 67 400 859
1214 68 69 472
1215 68 93 415
1216 68 118 63
1217 68 123 496
1218 68 134 316
1219 68 142 246
1220 68 162 272
1221 68 183 866
1222 68 188 463
1223 68 195 367
1224 68 201 436
1225 68 287 992
1226 68 289 555
1227 68 296 512
1228 68 306 42
1229 68 332 912
1230 68 358 839
1231 68 360 564
1232 68 396 528
1233 69 76 112
1234 69 114 284
1235 69 145 903
1236 69 156 478
1237 69 187 724
1238 69 196 31
1239 69 234 578
1240 69 261 920
1241 69 262 710
1242 69 313 261
1243 69 342 352
1244 70 81 257
1245 70 86 782
1246 70 113 839
1247 70 133 104
1248 70 138 206
1249 70 167 24
1250 70 179 138
1251 70 193 580
1252 70 212 758
1253 70 228 105
1254 70 244 607
1255 70 364 739
1256 71 97 651
1257 71 193 88
1258 71 228 627
1259 71 236 141
1260 71 240 632
1261 71 250 793
1262 71 281 701
1263 71 285 760
1264 71 296 313
1265 71 340 580
1266 71 390 932
1267 71 395 632
1268 72 102 251
1269 72 103 408
1270 72 139 667
1271 72 149 148
1272 72 153 751
1273 72 170 513
1274 72 174 702
1275 72 177 920
1276 72 179 670
1277 72 182 860
1278 72 219 884
1279 72 245 456
1280 72 251 324
1281 72 256 565
1282 72 280 553
1283 72 385 311
1284 73 81 867
1285 73 97 851
1286 73 139 945
1287 73 158 159
1288 73 170 318
1289 73 187 934
1290 73 226 870
1291 73 231 276
1292 73 255 574
1293 73 270 742
1294 73 274 850
1295 73 299 737
1296 73 316 150
1297 73 340 152
1298 73 378 216
1299 74 92 941
1300 74 94 164
1301 74 129 551
1302 74 192 219
1303 74 227 997
1304 74 229 944
1305 74 248 127
1306 74 251 244
1307 74 253 184
1308 74 287 137
1309 74 313 184
1310 74 333 121
1311 75 98 662
1312 75 110 286
1313 75 129 782
1314 75 134 198
1315 75 149 953
1316 75 158 560
1317 75 164 267
1318 75 198 645
1319 75 222 650
1320 75 262 968
1321 75 286 244
1322 75 301 688
1323 75 329 524
1324 75 346 334
1325 75 361 974
1326 75 370 217
1327 76 93 858
1328 76 94 487
1329 76 131 677
1330 76 135 926
1331 76 136 277
1332 76 146 452
1333 76 148 749
1334 76 167 719
1335 76 182 230
1336 76 193 288
1337 76 195 565
1338 76 218 220
1339 76 220 778
1340 76 277 690
1341 76 289 253
1342 76 300 183
1343 76 361 192
1344 76 387 449
1345 77 83 716
1346 77 95 973
1347 77 115 544
1348 77 122 519
1349 77 124 501
1350 77 156 300
1351 77 161 339
1352 77 167 236
1353 77 185 831
1354 77 215 300
1355 77 216 540
1356 77 241 501
1357 77 261 700
1358 77 286 28
1359 77 292 975
1360 77 396 988
1361 78 100 121
1362 78 123 885
1363 78 133 371
1364 78 140 7
1365 78 167 902
1366 78 204 443
1367 78 223 127
1368 78 235 448
1369 78 296 323
1370 78 325 550
1371 78 366 365
1372 78 388 756
1373 78 399 589
1374 79 81 13
1375 79 95 536
1376 79 119 346
1377 79 132 902
1378 79 145 234
1379 79 160 637
1380 79 173 965
1381 79 178 962
1382 79 207 517
1383 79 273 249
1384 79 308 788
1385 79 314 942
1386 79 337 449
1387 79 377 168
1388 79 391 310
1389 80 97 372
1390 80 131 809
1391 80 132 50
1392 80 153 675
1393 80 200 836
1394 80 204 318
1395 80 213 96
1396 80 223 597
1397 80 230 619
1398 80 302 637
1399 80 331 681
1400 80 337 365
1401 80 362 222
1402 80 387 139
1403 81 92 631
1404 81 138 477
1405 81 168 520
1406 81 170 468
1407 81 239 248
1408 81 269 859
1409 81 272 722
1410 81 289 140
1411 81 311 65
1412 81 313 723
1413 81 314 245
1414 81 352 361
1415 81 359 536
1416 81 364 20
1417 81 365 149
1418 81 369 886
1419 81 375 591
1420 81 400 782
1421 82 119 35
1422 82 137 860
1423 82 167 758
1424 82 176 731
1425 82 184 781
1426 82 221 751
1427 82 232 165
1428 82 294 728
1429 82 317 542
1430 82 321 939
1431 82 323 29
1432 82 347 992
1433 82 356 340
1434 82 379 144
1435 82 380 897
1436 82 382 969
1437 82 399 82
1438 82 400 929
1439 83 116 716
1440 83 118 349
1441 83 120 582
1442 83 143 803
1443 83 172 535
1444 83 177 441
1445 83 205 710
1446 83 229 751
1447 83 264 835
1448 83 271 2
1449 83 275 869
1450 83 277 296
1451 83 279 230
1452 83 307 212
1453 83 329 752
1454 83 342 143
1455 83 349 212
1456 83 354 72
1457 83 364 907
1458 83 380 755
1459 83 389 664
1460 84 108 132
1461 84 117 105
1462 84 139 574
1463 84 197 210
1464 84 210 887
1465 84 222 319
1466 84 234 808
1467 84 246 209
1468 84 261 281
1469 84 265 374
1470 84 278 640
1471 84 303 860
1472 84 378 356
1473 84 400 812
1474 85 107 724
1475 85 120 580
1476 85 150 152
1477 85 206 432
1478 85 224 739
1479 85 244 569
1480 85 258 569
1481 85 289 629
1482 85 306 7
1483 85 307 681
1484 85 315 709
1485 85 328 212
1486 85 336 221
1487 85 338 829
1488 85 340 103
1489 85 373 99
1490 85 383 767
1491 86 102 276
1492 86 109 723
1493 86 117 75
1494 86 141 612
1495 86 172 788
1496 86 195 181
1497 86 236 95
1498 86 237 741
1499 86 244 850
1500 86 263 800
1501 86 292 280
1502 86 309 892
1503 86 327 961
1504 86 335 591
1505 86 340 707
1506 86 353 881
1507 86 356 22
1508 86 388 369
1509 87 93 768
1510 87 95 899
1511 87 172 289
1512 87 197 939
1513 87 200 880
1514 87 202 307
1515 87 204 39
1516 87 243 602
1517 87 247 734
1518 87 252 410
1519 87 269 180
1520 87 271 607
1521 87 274 413
1522 87 280 993
1523 87 300 381
1524 87 334 27
1525 87 349 128
1526 87 356 697
1527 87 381 112
1528 87 383 448
1529 88 89 703
1530 88 122 22
1531 88 147 82
1532 88 164 66
1533 88 173 224
1534 88 191 227
1535 88 225 230
1536 88 231 953
1537 88 239 76
1538 88 247 536
1539 88 253 630
1540 88 259 77
1541 88 323 514
1542 88 335 945
1543 88 342 219
1544 88 348 550
1545 88 388 489
1546 88 392 22
1547 89 93 586
1548 89 127 480
1549 89 129 653
1550 89 136 945
1551 89 137 656
1552 89 190 479
1553 89 212 600
1554 89 262 115
1555 89 264 785
1556 89 266 589
1557 89 275 225
1558 89 292 661
1559 89 308 471
1560 89 316 698
1561 89 334 229
1562 89 338 774
1563 89 380 544
1564 89 382 620
1565 89 391 290
1566 90 102 969
1567 90 141 746
1568 90 146 989
1569 90 169 442
1570 90 189 84
1571 90 201 448
1572 90 214 634
1573 90 220 119
1574 90 270 290
1575 90 307 62
1576 90 318 409
1577 90 321 52
1578 90 334 673
1579 90 378 326
1580 90 388 351
1581 91 103 359
1582 91 153 703
1583 91 158 524
1584 91 170 206
1585 91 173 408
1586 91 204 853
1587 91 212 984
1588 91 220 233
1589 91 228 433
1590 91 240 665
1591 91 259 996
1592 91 267 947
1593 91 321 301
1594 91 356 256
1595 91 371 292
1596 92 122 358
1597 92 131 520
1598 92 158 789
1599 92 196 930
1600 92 263 650
1601 92 276 29
1602 92 350 10
1603 92 361 947
1604 92 365 334
1605 92 376 977
1606 92 388 302
1607 92 400 581
1608 93 97 336
1609 93 122 303
1610 93 135 583
1611 93 217 410
1612 93 230 252
1613 93 239 845
1614 93 243 605
1615 93 252 860
1616 93 255 699
1617 93 258 439
1618 93 265 264
1619 93 299 207
1620 93 301 119
1621 93 320 933
1622 93 345 835
1623 93 369 94
1624 93 370 954
1625 93 375 249
1626 93 377 824
1627 94 98 737
1628 94 172 297
1629 94 177 615
1630 94 181 685
1631 94 189 128
1632 94 221 533
1633 94 228 873
1634 94 230 798
1635 94 302 671
1636 94 321 109
1637 94 322 838
1638 94 325 595
1639 94 331 363
1640 94 365 237
1641 94 371 365
1642 94 400 835
1643 95 113 650
1644 95 167 748
1645 95 177 492
1646 95 191 266
1647 95 250 714
1648 95 261 699
1649 95 293 534
1650 95 296 726
1651 95 314 41
1652 95 315 938
1653 95 347 469
1654 95 369 167
1655 96 102 462
1656 96 122 281
1657 96 137 203
1658 96 147 941
1659 96 154 151
1660 96 192 390
1661 96 213 27
1662 96 229 224
1663 96 259 116
1664 96 261 375
1665 96 295 78
1666 96 332 500
1667 96 338 191
1668 96 344 238
1669 96 394 422
1670 97 122 923
1671 97 141 46
1672 97 177 564
1673 97 178 595
1674 97 196 314
1675 97 239 49
1676 97 244 462
1677 97 256 570
1678 97 342 484
1679 97 353 568
1680 97 382 149
1681 98 117 97
1682 98 120 839
1683 98 121 477
1684 98 124 461
1685 98 135 911
1686 98 138 67
1687 98 142 677
1688 98 143 905
1689 98 148 69
1690 98 157 920
1691 98 197 245
1692 98 198 17
1693 98 256 412
1694 98 260 243
1695 98 264 922
1696 98 279 244
1697 98 327 491
1698 98 345 367
1699 98 366 913
1700 98 376 443
1701 98 386 680
1702 98 388 397
1703 98 395 665
1704 99 129 103
1705 99 137 410
1706 99 153 506
1707 99 156 614
1708 99 159 796
1709 99 228 719
1710 99 230 61
1711 99 294 629
1712 99 320 305
1713 99 350 191
1714 99 354 441
1715 99 387 71
1716 100 113 418
1717 100 120 212
1718 100 144 950
1719 100 154 650
1720 100 171 194
1721 100 185 797
1722 100 189 377
1723 100 190 753
1724 100 191 330
1725 100 201 541
1726 100 240 662
1727 100 241 616
1728 100 274 714
1729 100 285 878
1730 100 302 834
1731 100 335 819
1732 100 341 515
1733 100 359 444
1734 100 362 436
1735 101 145 586
1736 101 167 417
1737 101 170 714
1738 101 182 390
1739 101 191 556
1740 101 204 167
1741 101 205 457
1742 101 211 207
1743 101 217 433
1744 101 219 342
1745 101 230 17
1746 101 296 370
1747 101 300 253
1748 101 334 902
1749 101 352 209
1750 101 362 223
1751 101 367 134
1752 102 118 618
1753 102 178 625
1754 102 232 419
1755 102 266 598
1756 102 290 304
1757 102 308 103
1758 102 314 147
1759 102 364 49
1760 102 370 557
1761 102 378 220
1762 102 384 22
1763 103 109 153
1764 103 111 751
1765 103 119 427
1766 103 144 590
1767 103 153 283
1768 103 175 430
1769 103 199 113
1770 103 207 371
1771 103 214 365
1772 103 247 910
1773 103 253 74
1774 103 275 11
1775 103 310 446
1776 103 335 830
1777 103 375 607
1778 103 376 5
1779 103 387 31
1780 103 392 35
1781 104 157 568
1782 104 178 105
1783 104 199 663
1784 104 229 489
1785 104 231 231
1786 104 279 725
1787 104 312 304
1788 104 335 182
1789 104 374 900
1790 104 388 727
1791 105 129 214
1792 105 147 457
1793 105 185 903
1794 105 187 216
1795 105 209 80
1796 105 269 636
1797 105 287 543
1798 105 359 891
1799 106 161 681
1800 106 166 799
1801 106 168 608
1802 106 187 707
1803 106 201 143
1804 106 241 197
1805 106 243 763
1806 106 252 88
1807 106 255 435
1808 106 256 487
1809 106 271 357
1810 106 280 495
1811 106 281 881
1812 106 303 726
1813 106 308 219
1814 106 323 976
1815 106 327 142
1816 106 333 147
1817 106 337 593
1818 106 365 779
1819 106 386 373
1820 107 142 12
1821 107 214 476
1822 107 252 695
1823 107 255 388
1824 107 259 138
1825 107 296 697
1826 107 301 501
1827 107 354 985
1828 107 378 110
1829 108 110 211
1830 108 130 44
1831 108 132 257
1832 108 133 600
1833 108 158 22
1834 108 164 56
1835 108 175 132
1836 108 186 663
1837 108 223 441
1838 108 255 963
1839 108 256 799
1840 108 298 78
1841 108 323 698
1842 108 325 109
1843 108 361 589
1844 108 372 444
1845 108 375 121
1846 108 382 88
1847 108 392 747
1848 108 398 285
1849 109 173 567
1850 109 187 699
1851 109 202 58
1852 109 216 42
1853 109 284 922
1854 109 309 800
1855 109 318 509
1856 109 365 810
1857 110 112 319
1858 110 140 720
1859 110 147 57
1860 110 215 701
1861 110 223 827
1862 110 240 518
1863 110 335 983
1864 110 343 614
1865 110 345 686
1866 110 371 761
1867 111 134 993
1868 111 135 11
1869 111 141 261
1870 111 149 337
1871 111 180 908
1872 111 189 899
1873 111 220 729
1874 111 244 850
1875 111 247 249
1876 111 269 193
1877 111 270 150
1878 111 284 77
1879 111 302 455
1880 111 303 396
1881 111 343 838
1882 111 378 683
1883 111 398 429
1884 111 399 543
1885 112 121 614
1886 112 134 912
1887 112 170 124
1888 112 176 529
1889 112 178 948
1890 112 195 744
1891 112 235 621
1892 112 258 302
1893 112 276 222
1894 112 285 85
1895 112 295 568
1896 112 314 296
1897 112 352 182
1898 112 398 650
1899 113 119 992
1900 113 132 74
1901 113 141 621
1902 113 163 100
1903 113 192 947
1904 113 206 32
1905 113 227 64
1906 113 232 739
1907 113 239 286
1908 113 246 786
1909 113 280 446
1910 113 283 806
1911 113 285 192
1912 113 314 652
1913 113 324 258
1914 113 325 352
1915 114 127 610
1916 114 174 955
1917 114 180 588
1918 114 184 794
1919 114 194 844
1920 114 208 557
1921 114 222 239
1922 114 253 910
1923 114 290 645
1924 114 297 554
1925 114 324 61
1926 114 326 283
1927 114 333 128
1928 114 374 201
1929 114 391 318
1930 115 124 869
1931 115 177 17
1932 115 192 405
1933 115 202 199
1934 115 225 940
1935 115 229 463
1936 115 238 734
1937 115 244 586
1938 115 249 734
1939 115 265 467
1940 115 266 64
1941 115 270 287
1942 115 305 567
1943 115 311 750
1944 115 371 966
1945 115 372 796
1946 115 374 456
1947 115 379 365
1948 116 121 840
1949 116 136 945
1950 116 137 221
1951 116 140 342
1952 116 144 328
1953 116 145 507
1954 116 152 265
1955 116 157 391
1956 116 187 732
1957 116 218 893
1958 116 255 790
1959 116 257 615
1960 116 297 547
1961 116 303 457
1962 116 309 188
1963 116 318 358
1964 116 347 894
1965 116 361 937
1966 116 375 936
1967 116 380 484
1968 117 126 268
1969 117 141 804
1970 117 154 194
1971 117 174 192
1972 117 175 349
1973 117 187 348
1974 117 188 440
1975 117 197 308
1976 117 200 418
1977 117 201 41
1978 117 229 617
1979 117 230 644
1980 117 257 534
1981 117 260 128
1982 117 273 891
1983 117 283 397
1984 117 291 720
1985 117 315 783
1986 117 323 474
1987 117 327 277
1988 117 342 961
1989 117 354 230
1990 117 377 281
1991 118 137 34
1992 118 147 614
1993 118 157 787
1994 118 168 247
1995 118 191 708
1996 118 205 230
1997 118 221 957
1998 118 224 567
1999 118 225 452
2000 118 295 514
2001 118 298 97
2002 118 300 750
2003 118 307 510
2004 118 328 615
2005 118 347 159
2006 118 367 818
2007 118 371 619
2008 119 126 42
2009 119 138 956
2010 119 170 98
2011 119 201 190
2012 119 211 735
2013 119 284 925
2014 119 295 938
2015 119 305 137
2016 119 316 445
2017 119 329 857
2018 119 368 598
2019 119 392 452
2020 120 138 345
2021 120 160 100
2022 120 164 696
2023 120 166 822
2024 120 251 300
2025 120 273 254
2026 120 306 764
2027 120 315 315
2028 120 321 310
2029 120 325 553
2030 120 355 28
2031 120 378 276
2032 121 125 204
2033 121 175 23
2034 121 202 803
2035 121 215 788
2036 121 217 806
2037 121 220 346
2038 121 227 949
2039 121 238 594
2040 121 257 997
2041 121 272 391
2042 121 318 605
2043 121 382 335
2044 121 390 8
2045 121 396 276
2046 122 163 574
2047 122 164 215
2048 122 174 106
2049 122 179 102
2050 122 184 531
2051 122 258 37
2052 122 261 44
2053 122 282 516
2054 122 284 515
2055 122 295 970
2056 122 302 761
2057 122 320 593
2058 122 335 910
2059 122 356 498
2060 122 361 344
2061 122 376 32
2062 122 385 758
2063 123 138 137
2064 123 144 302
2065 123 220 572
2066 123 231 114
2067 123 233 442
2068 123 275 941
2069 123 307 709
2070 123 315 853
2071 123 346 180
2072 123 384 265
2073 124 140 608
2074 124 143 612
2075 124 174 347
2076 124 230 48
2077 124 351 442
2078 125 158 588
2079 125 160 740
2080 125 162 417
2081 125 194 869
2082 125 204 282
2083 125 238 43
2084 125 250 307
2085 125 266 531
2086 125 267 663
2087 125 295 523
2088 125 305 822
2089 125 336 425
2090 125 347 403
2091 125 356 986
2092 125 385 812
2093 125 396 221
2094 126 136 744
2095 126 163 209
2096 126 181 931
2097 126 192 699
2098 126 228 812
2099 126 240 229
2100 126 278 378
2101 126 311 776
2102 126 319 636
2103 126 321 629
2104 126 323 264
2105 126 342 89
2106 126 343 647
2107 126 374 81
2108 126 399 223
2109 127 135 681
2110 127 136 687
2111 127 145 39
2112 127 180 232
2113 127 182 613
2114 127 218 382
2115 127 230 972
2116 127 243 239
2117 127 246 963
2118 127 269 601
2119 127 290 597
2120 127 315 688
2121 127 349 528
2122 127 383 897
2123 128 150 320
2124 128 153 16
2125 128 155 942
2126 128 167 729
2127 128 193 489
2128 128 226 139
2129 128 232 190
2130 128 251 320
2131 128 256 640
2132 128 258 437
2133 128 268 102
2134 128 276 360
2135 128 294 807
2136 128 298 968
2137 128 300 808
2138 128 337 655
2139 128 367 601
2140 128 381 950
2141 129 172 657
2142 129 194 880
2143 129 210 80
2144 129 249 260
2145 129 304 986
2146 129 328 595
2147 129 340 721
2148 129 350 622
2149 129 353 160
2150 129 360 378
2151 129 388 968
2152 130 149 434
2153 130 187 90
2154 130 204 977
2155 130 205 263
2156 130 211 857
2157 130 236 562
2158 130 261 607
2159 130 264 689
2160 130 266 222
2161 130 281 260
2162 130 297 376
2163 130 309 498
2164 130 332 106
2165 130 388 859
2166 131 150 152
2167 131 197 483
2168 131 227 978
2169 131 249 665
2170 131 252 311
2171 131 269 929
2172 131 292 328
2173 131 295 787
2174 131 303 897
2175 131 306 899
2176 131 340 778
2177 131 341 705
2178 131 354 531
2179 131 374 225
2180 131 390 650
2181 132 146 200
2182 132 171 4
2183 132 180 5
2184 132 186 400
2185 132 211 384
2186 132 215 782
2187 132 260 89
2188 132 263 617
2189 132 276 348
2190 132 278 184
2191 132 294 133
2192 132 297 845
2193 132 301 150
2194 132 324 205
2195 132 348 832
2196 132 354 616
2197 132 356 320
2198 132 367 793
2199 132 385 865
2200 132 399 607
2201 133 135 375
2202 133 233 683
2203 133 266 745
2204 133 364 338
2205 133 370 418
2206 133 391 585
2207 134 135 818
2208 134 137 925
2209 134 140 586
2210 134 168 535
2211 134 172 680
2212 134 193 75
2213 134 237 543
2214 134 241 81
2215 134 247 355
2216 134 288 987
2217 134 295 126
2218 134 307 793
2219 134 337 421
2220 134 363 732
2221 134 364 34
2222 134 378 526
2223 134 380 847
2224 134 385 403
2225 135 155 354
2226 135 178 12
2227 135 180 786
2228 135 191 84
2229 135 205 344
2230 135 211 491
2231 135 227 834
2232 135 242 751
2233 135 260 263
2234 135 271 295
2235 135 302 42
2236 135 321 996
2237 135 368 992
2238 135 374 826
2239 135 391 61
2240 136 150 609
2241 136 172 683
2242 136 203 233
2243 136 215 651
2244 136 221 170
2245 136 232 380
2246 136 254 434
2247 136 261 106
2248 136 273 177
2249 136 291 890
2250 136 301 685
2251 136 311 409
2252 136 368 329
2253 136 381 915
2254 136 393 916
2255 136 396 270
2256 136 399 499
2257 137 155 449
2258 137 172 627
2259 137 180 802
2260 137 181 228
2261 137 220 938
2262 137 225 748
2263 137 318 794
2264 137 326 425
2265 137 385 913
2266 137 389 334
2267 138 156 683
2268 138 236 590
2269 138 240 738
2270 138 254 340
2271 138 301 959
2272 138 303 138
2273 138 327 749
2274 138 344 948
2275 138 347 305
2276 138 377 464
2277 138 390 593
2278 139 140 972
2279 139 192 518
2280 139 201 977
2281 139 207 352
2282 139 242 159
2283 139 287 708
2284 139 321 889
2285 139 333 532
2286 139 340 348
2287 139 342 690
2288 139 353 163
2289 139 384 972
2290 139 387 421
2291 140 141 362
2292 140 161 9
2293 140 168 592
2294 140 170 177
2295 140 181 754
2296 140 188 904
2297 140 225 349
2298 140 229 387
2299 140 247 617
2300 140 293 999
2301 140 306 781
2302 140 354 542
2303 140 355 922
2304 140 376 349
2305 140 385 997
2306 140 393 425
2307 141 142 679
2308 141 161 813
2309 141 163 491
2310 141 164 906
2311 141 179 321
2312 141 218 26
2313 141 222 135
2314 141 233 667
2315 141 247 720
2316 141 257 811
2317 141 284 4
2318 141 296 715
2319 141 297 6
2320 141 340 580
2321 141 375 608
2322 141 385 725
2323 142 166 189
2324 142 179 494
2325 142 194 541
2326 142 217 897
2327 142 234 183
2328 142 242 152
2329 142 249 980
2330 142 251 868
2331 142 276 436
2332 142 348 327
2333 142 358 212
2334 142 367 23
2335 142 399 297
2336 143 249 491
2337 143 278 663
2338 143 294 676
2339 143 324 218
2340 143 357 34
2341 144 151 68
2342 144 177 825
2343 144 184 12
2344 144 186 633
2345 144 201 252
2346 144 214 862
2347 144 251 772
2348 144 283 816
2349 144 322 513
2350 144 347 904
2351 144 353 644
2352 144 357 503
2353 144 360 350
2354 144 377 344
2355 144 383 974
2356 144 384 207
2357 144 395 194
2358 145 177 10
2359 145 198 277
2360 145 233 87
2361 145 246 869
2362 145 266 971
2363 145 267 402
2364 145 269 572
2365 145 273 162
2366 145 289 16
2367 145 291 708
2368 145 316 947
2369 145 325 933
2370 145 326 198
2371 145 341 951
2372 145 346 479
2373 146 166 183
2374 146 176 15
2375 146 187 971
2376 146 250 719
2377 146 253 565
2378 146 262 801
2379 146 290 153
2380 146 312 107
2381 146 335 456
2382 146 344 324
2383 146 350 509
2384 146 380 913
2385 146 396 471
2386 147 153 456
2387 147 195 442
2388 147 196 76
2389 147 207 360
2390 147 233 19
2391 147 247 125
2392 147 331 712
2393 147 337 650
2394 147 364 869
2395 147 375 909
2396 147 397 542
2397 147 400 532
2398 148 150 128
2399 148 174 27
2400 148 187 739
2401 148 243 774
2402 148 283 883
2403 148 298 16
2404 148 335 746
2405 148 365 92
2406 149 185 863
2407 149 191 39
2408 149 200 747
2409 149 206 151
2410 149 208 50
2411 149 221 758
2412 149 232 685
2413 149 256 562
2414 149 264 630
2415 149 304 9
2416 149 305 994
2417 149 316 201
2418 149 318 685
2419 149 349 396
2420 149 353 923
2421 149 365 299
2422 150 207 506
2423 150 232 695
2424 150 239 298
2425 150 353 650
2426 150 361 174
2427 150 373 663
2428 150 378 310
2429 150 390 687
2430 151 161 863
2431 151 169 867
2432 151 191 609
2433 151 205 586
2434 151 220 396
2435 152 171 992
2436 152 177 728
2437 152 217 725
2438 152 242 411
2439 152 248 15
2440 152 299 699
2441 152 305 762
2442 152 307 875
2443 152 331 385
2444 152 340 580
2445 152 359 881
2446 152 362 230
2447 153 165 137
2448 153 178 285
2449 153 237 952
2450 153 262 706
2451 153 266 50
2452 153 308 318
2453 153 324 228
2454 153 329 513
2455 153 336 768
2456 153 338 844
2457 153 369 492
2458 153 392 130
2459 154 180 913
2460 154 244 329
2461 154 245 872
2462 154 295 614
2463 154 302 156
2464 154 346 234
2465 154 362 702
2466 154 368 775
2467 154 392 159
2468 155 177 788
2469 155 213 137
2470 155 231 990
2471 155 253 283
2472 155 340 714
2473 156 180 221
2474 156 183 110
2475 156 202 96
2476 156 204 428
2477 156 219 865
2478 156 223 29
2479 156 254 389
2480 156 334 350
2481 156 338 389
2482 156 342 544
2483 156 389 152
2484 157 162 33
2485 157 206 999
2486 157 209 204
2487 157 241 990
2488 157 243 194
2489 157 297 137
2490 157 341 976
2491 157 359 820
2492 157 367 794
2493 158 193 661
2494 158 227 382
2495 158 236 895
2496 158 249 493
2497 158 259 655
2498 158 270 229
2499 158 279 422
2500 158 287 101
2501 158 350 886
2502 158 398 994
2503 159 169 120
2504 159 190 226
2505 159 206 885
2506 159 209 77
2507 159 223 763
2508 159 231 512
2509 159 255 86
2510 159 259 712
2511 159 260 697
2512 159 266 166
2513 159 268 692
2514 159 286 414
2515 159 292 241
2516 159 294 322
2517 159 304 490
2518 159 332 354
2519 159 339 294
2520 159 350 54
2521 159 355 118
2522 159 379 427
2523 159 390 397
2524 160 183 691
2525 160 191 663
2526 160 278 693
2527 160 282 552
2528 160 292 823
2529 160 294 71
2530 160 302 159
2531 160 343 72
2532 160 347 917
2533 160 355 42
2534 160 377 141
2535 160 378 68
2536 160 382 129
2537 160 390 419
2538 161 178 626
2539 161 196 385
2540 161 204 956
2541 161 221 354
2542 161 236 46
2543 161 239 54
2544 161 253 631
2545 161 295 401
2546 161 301 705
2547 161 312 828
2548 161 356 135
2549 161 359 897
2550 161 372 279
2551 161 383 3
2552 162 190 856
2553 162 199 507
2554 162 201 576
2555 162 243 489
2556 162 249 406
2557 162 293 75
2558 162 298 132
2559 162 302 164
2560 162 305 378
2561 162 309 433
2562 162 326 949
2563 162 338 345
2564 162 352 386
2565 162 389 478
2566 162 398 503
2567 163 169 214
2568 163 177 113
2569 163 204 330
2570 163 228 329
2571 163 286 644
2572 163 316 687
2573 163 333 749
2574 163 342 540
2575 163 373 63
2576 163 387 220
2577 163 400 302
2578 164 176 207
2579 164 185 771
2580 164 188 289
2581 164 192 187
2582 164 209 939
2583 164 244 240
2584 164 246 525
2585 164 249 379
2586 164 262 327
2587 164 277 423
2588 164 286 105
2589 164 365 370
2590 164 369 959
2591 165 167 885
2592 165 174 514
2593 165 191 989
2594 165 201 250
2595 165 224 582
2596 165 243 127
2597 165 244 429
2598 165 250 616
2599 165 269 639
2600 165 276 492
2601 165 359 338
2602 165 364 412
2603 166 180 82
2604 166 208 389
2605 166 209 413
2606 166 212 316
2607 166 217 986
2608 166 244 460
2609 166 251 34
2610 166 306 641
2611 166 310 47
2612 166 316 209
2613 166 325 831
2614 166 330 898
2615 166 344 294
2616 166 364 557
2617 166 366 794
2618 166 370 699
2619 166 390 131
2620 167 175 806
2621 167 181 810
2622 167 184 444
2623 167 197 931
2624 167 217 805
2625 167 233 550
2626 167 250 708
2627 167 267 84
2628 167 289 381
2629 167 323 213
2630 167 336 157
2631 168 179 418
2632 168 189 216
2633 168 198 224
2634 168 200 929
2635 168 215 371
2636 168 238 732
2637 168 246 699
2638 168 266 73
2639 168 310 699
2640 168 316 269
2641 168 325 658
2642 168 349 942
2643 168 368 992
2644 168 370 220
2645 168 373 343
2646 168 384 726
2647 168 395 578
2648 168 397 602
2649 169 172 573
2650 169 203 810
2651 169 212 215
2652 169 232 576
2653 169 275 273
2654 169 334 557
2655 169 336 725
2656 169 346 595
2657 169 371 601
2658 169 374 853
2659 170 173 60
2660 170 175 792
2661 170 186 773
2662 170 270 68
2663 170 286 701
2664 170 293 494
2665 170 325 837
2666 170 350 276
2667 170 367 923
2668 170 399 35
2669 171 226 653
2670 171 234 43
2671 171 252 405
2672 171 275 97
2673 171 289 765
2674 171 298 798
2675 171 324 923
2676 171 339 782
2677 171 347 407
2678 171 349 835
2679 171 354 363
2680 171 363 985
2681 171 374 616
2682 171 391 35
2683 172 175 795
2684 172 217 889
2685 172 236 911
2686 172 270 97
2687 172 318 213
2688 172 323 707
2689 172 333 40
2690 172 354 76
2691 172 388 887
2692 172 390 656
2693 173 181 907
2694 173 191 545
2695 173 211 526
2696 173 240 412
2697 173 249 643
2698 173 257 853
2699 173 262 954
2700 173 295 199
2701 173 344 814
2702 173 355 705
2703 174 190 539
2704 174 210 675
2705 174 233 317
2706 174 238 595
2707 174 280 582
2708 174 317 668
2709 174 323 804
2710 174 340 67
2711 174 357 980
2712 174 396 940
2713 175 195 597
2714 175 229 637
2715 175 239 103
2716 175 273 650
2717 175 293 731
2718 175 298 903
2719 176 195 7
2720 176 205 279
2721 176 216 89
2722 176 229 201
2723 176 245 324
2724 176 247 689
2725 176 274 381
2726 176 296 255
2727 176 311 397
2728 176 333 579
2729 176 335 321
2730 176 392 269
2731 177 194 524
2732 177 205 806
2733 177 210 896
2734 177 234 486
2735 177 244 861
2736 177 290 633
2737 177 307 698
2738 177 328 846
2739 177 330 878
2740 177 334 382
2741 177 366 694
2742 177 371 796
2743 177 379 614
2744 177 390 434
2745 178 195 421
2746 178 266 506
2747 178 273 29
2748 178 280 334
2749 178 282 465
2750 178 287 277
2751 178 291 460
2752 178 311 673
2753 178 321 960
2754 178 393 564
2755 178 398 213
2756 179 180 421
2757 179 196 192
2758 179 201 568
2759 179 254 23
2760 179 292 977
2761 179 296 325
2762 179 303 662
2763 179 343 446
2764 179 365 219
2765 179 367 276
2766 179 374 611
2767 179 375 446
2768 180 202 676
2769 180 226 219
2770 180 236 719
2771 180 255 961
2772 180 263 725
2773 180 284 398
2774 180 324 597
2775 180 334 39
2776 180 335 84
2777 180 341 548
2778 180 353 743
2779 180 356 887
2780 180 380 760
2781 180 382 938
2782 181 221 350
2783 181 244 818
2784 181 277 415
2785 181 294 818
2786 181 349 603
2787 181 359 351
2788 181 374 656
2789 181 382 953
2790 181 396 23
2791 182 244 47
2792 182 270 923
2793 182 291 900
2794 182 316 412
2795 182 400 628
2796 183 186 84
2797 183 246 913
2798 183 263 306
2799 183 266 441
2800 183 294 364
2801 183 305 344
2802 183 308 936
2803 183 315 218
2804 183 322 717
2805 183 353 305
2806 183 361 776
2807 183 382 595
2808 183 389 153
2809 184 247 497
2810 184 249 785
2811 184 273 997
2812 184 300 182
2813 184 303 75
2814 184 313 509
2815 184 391 75
2816 185 205 257
2817 185 241 865
2818 185 248 76
2819 185 259 103
2820 185 276 281
2821 185 293 976
2822 185 340 928
2823 185 352 284
2824 185 358 515
2825 185 373 834
2826 185 393 432
2827 186 208 295
2828 186 210 182
2829 186 220 936
2830 186 241 496
2831 186 257 682
2832 186 291 897
2833 186 297 51
2834 186 320 423
2835 186 338 465
2836 186 369 120
2837 186 392 91
2838 187 223 885
2839 187 245 152
2840 187 253 265
2841 187 274 579
2842 187 301 149
2843 187 329 722
2844 187 341 554
2845 187 342 872
2846 187 359 848
2847 187 360 878
2848 187 371 123
2849 187 381 31
2850 187 388 203
2851 188 244 545
2852 188 250 970
2853 188 256 60
2854 188 268 778
2855 188 320 280
2856 188 348 966
2857 188 378 365
2858 188 387 633
2859 188 398 782
2860 189 199 255
2861 189 231 462
2862 189 235 482
2863 189 249 470
2864 189 285 712
2865 189 291 232
2866 189 326 585
2867 189 377 969
2868 190 197 690
2869 190 240 389
2870 190 275 242
2871 190 280 647
2872 190 325 168
2873 190 333 864
2874 190 334 422
2875 190 389 972
2876 191 196 506
2877 191 212 911
2878 191 213 629
2879 191 220 441
2880 191 226 180
2881 191 234 833
2882 191 246 499
2883 191 254 783
2884 191 284 231
2885 191 313 363
2886 191 318 621
2887 191 329 359
2888 191 383 70
2889 191 391 95
2890 192 197 479
2891 192 203 488
2892 192 211 792
2893 192 227 355
2894 192 234 673
2895 192 263 391
2896 192 271 521
2897 192 283 736
2898 192 287 818
2899 192 325 24
2900 192 327 479
2901 192 329 518
2902 192 336 991
2903 192 368 95
2904 192 370 304
2905 193 254 853
2906 193 267 32
2907 193 273 190
2908 193 316 106
2909 193 336 979
2910 193 338 407
2911 193 360 786
2912 193 362 904
2913 193 384 750
2914 193 386 508
2915 193 389 508
2916 194 237 320
2917 194 252 623
2918 194 262 596
2919 194 292 566
2920 194 326 507
2921 194 345 700
2922 194 353 564
2923 194 369 738
2924 194 370 106
2925 194 379 325
2926 194 391 957
2927 195 196 363
2928 195 247 76
2929 195 281 634
2930 195 290 122
2931 195 330 523
2932 196 203 54
2933 196 208 184
2934 196 215 310
2935 196 268 244
2936 196 319 948
2937 196 337 943
2938 196 343 286
2939 196 344 467
2940 196 362 495
2941 196 369 516
2942 197 217 635
2943 197 223 607
2944 197 275 753
2945 197 285 14
2946 197 303 726
2947 197 318 5
2948 197 322 293
2949 197 325 810
2950 197 350 186
2951 197 351 633
2952 197 363 137
2953 197 388 761
2954 198 199 768
2955 198 211 447
2956 198 222 77
2957 198 223 846
2958 198 254 512
2959 198 296 710
2960 198 309 190
2961 198 316 645
2962 198 338 100
2963 198 354 239
2964 198 359 626
2965 198 373 351
2966 198 398 252
2967 199 203 876
2968 199 216 903
2969 199 230 306
2970 199 248 89
2971 199 252 167
2972 199 286 283
2973 199 310 260
2974 199 341 170
2975 199 355 478
2976 199 367 22
2977 199 377 810
2978 199 384 768
2979 200 206 961
2980 200 211 481
2981 200 214 236
2982 200 224 80
2983 200 237 669
2984 200 295 851
2985 200 308 492
2986 200 327 820
2987 200 348 884
2988 200 350 251
2989 200 367 366
2990 200 374 933
2991 200 388 596
2992 200 389 303
2993 200 392 237
2994 201 245 343
2995 201 286 560
2996 201 290 970
2997 201 296 382
2998 201 300 18
2999 201 325 207
3000 201 347 656
3001 201 364 405
3002 201 385 419
3003 201 393 128
3004 202 230 225
3005 202 280 621
3006 202 316 428
3007 202 324 210
3008 202 325 558
3009 202 378 298
3010 203 217 971
3011 203 223 431
3012 203 230 199
3013 203 242 543
3014 203 247 660
3015 203 253 8
3016 203 268 592
3017 203 317 456
3018 203 318 875
3019 203 319 227
3020 203 321 916
3021 203 372 939
3022 203 378 688
3023 203 393 982
3024 203 394 373
3025 204 208 475
3026 204 220 602
3027 204 248 939
3028 204 262 682
3029 204 295 745
3030 204 341 70
3031 205 280 79
3032 205 303 961
3033 205 316 109
3034 205 322 222
3035 205 325 961
3036 205 354 928
3037 205 356 944
3038 205 372 41
3039 206 209 418
3040 206 211 984
3041 206 213 701
3042 206 248 273
3043 206 261 157
3044 206 265 708
3045 206 267 652
3046 206 293 599
3047 206 327 256
3048 206 338 443
3049 206 348 908
3050 206 374 604
3051 207 227 56
3052 207 233 773
3053 207 270 359
3054 207 296 28
3055 207 329 748
3056 207 352 55
3057 207 390 576
3058 208 220 252
3059 208 255 943
3060 208 261 652
3061 208 282 684
3062 208 284 775
3063 208 295 268
3064 208 297 918
3065 208 312 245
3066 208 332 329
3067 208 344 553
3068 208 378 465
3069 208 387 308
3070 209 214 64
3071 209 247 201
3072 209 265 826
3073 209 276 305
3074 209 297 698
3075 209 298 676
3076 209 305 444
3077 209 314 3
3078 209 315 923
3079 209 339 237
3080 209 345 74
3081 209 352 296
3082 209 394 110
3083 210 214 572
3084 210 285 62
3085 210 320 393
3086 210 364 753
3087 210 380 962
3088 210 393 593
3089 211 290 227
3090 211 294 842
3091 211 306 320
3092 211 318 507
3093 211 322 329
3094 211 362 874
3095 211 397 996
3096 212 213 754
3097 212 223 394
3098 212 237 40
3099 212 248 647
3100 212 362 235
3101 212 365 374
3102 212 387 940
3103 212 393 557
3104 212 399 190
3105 213 214 475
3106 213 223 650
3107 213 224 225
3108 213 236 629
3109 213 254 531
3110 213 258 807
3111 213 265 657
3112 213 280 232
3113 213 300 747
3114 213 308 807
3115 213 315 888
3116 213 346 122
3117 213 357 608
3118 213 387 12
3119 213 396 697
3120 214 216 597
3121 214 257 787
3122 214 260 25
3123 214 266 842
3124 214 284 972
3125 214 329 617
3126 214 341 850
3127 214 351 653
3128 214 356 137
3129 215 222 102
3130 215 257 920
3131 215 298 659
3132 215 316 529
3133 215 324 95
3134 215 329 820
3135 215 376 403
3136 215 382 489
3137 216 236 460
3138 216 249 454
3139 216 255 720
3140 216 293 376
3141 216 308 214
3142 216 322 93
3143 216 361 187
3144 216 376 999
3145 216 377 339
3146 216 389 999
3147 216 400 149
3148 217 244 236
3149 217 253 751
3150 217 256 76
3151 217 275 779
3152 217 276 743
3153 217 280 997
3154 217 291 175
3155 217 292 282
3156 217 303 873
3157 217 332 174
3158 217 338 722
3159 217 373 502
3160 217 376 766
3161 217 387 541
3162 218 252 342
3163 218 262 220
3164 218 313 843
3165 218 371 403
3166 219 232 805
3167 219 247 943
3168 219 283 263
3169 219 288 385
3170 219 343 71
3171 219 358 163
3172 220 231 311
3173 220 246 491
3174 220 300 500
3175 220 302 391
3176 220 315 972
3177 220 330 869
3178 220 387 151
3179 221 253 661
3180 221 286 602
3181 221 310 177
3182 221 313 996
3183 221 315 169
3184 221 316 449
3185 221 317 897
3186 221 335 400
3187 221 349 336
3188 221 356 170
3189 221 378 698
3190 222 241 695
3191 222 259 341
3192 222 266 423
3193 222 273 680
3194 222 284 407
3195 222 289 555
3196 222 305 902
3197 222 310 473
3198 222 313 459
3199 222 336 742
3200 222 364 78
3201 222 383 500
3202 223 261 427
3203 223 267 516
3204 223 269 62
3205 223 287 647
3206 223 290 88
3207 223 316 331
3208 223 320 856
3209 223 328 881
3210 223 338 497
3211 223 392 140
3212 223 396 290
3213 224 261 603
3214 224 262 404
3215 224 297 768
3216 224 299 855
3217 224 369 216
3218 225 234 902
3219 225 248 552
3220 225 251 102
3221 225 264 561
3222 225 285 871
3223 225 324 947
3224 225 326 887
3225 225 330 473
3226 225 389 291
3227 226 253 554
3228 226 270 588
3229 226 330 510
3230 226 340 80
3231 226 343 954
3232 226 376 282
3233 226 383 63
3234 226 385 822
3235 227 235 157
3236 227 283 751
3237 227 297 849
3238 227 298 558
3239 227 321 881
3240 227 342 383
3241 228 231 460
3242 228 232 400
3243 228 235 401
3244 228 236 670
3245 228 237 296
3246 228 248 660
3247 228 304 127
3248 228 312 671
3249 228 319 766
3250 228 367 15
3251 228 381 601
3252 228 391 725
3253 229 231 918
3254 229 236 759
3255 229 240 301
3256 229 299 450
3257 229 333 420
3258 229 337 403
3259 229 374 706
3260 230 232 993
3261 230 239 706
3262 230 247 424
3263 230 258 24
3264 230 263 453
3265 230 274 116
3266 230 305 75
3267 230 320 377
3268 230 322 70
3269 230 332 10
3270 230 337 163
3271 230 355 476
3272 230 373 26
3273 230 374 75
3274 231 232 633
3275 231 238 933
3276 231 249 11
3277 231 265 841
3278 231 271 979
3279 231 292 862
3280 231 302 300
3281 231 309 576
3282 231 322 102
3283 231 366 214
3284 231 374 664
3285 231 395 986
3286 231 397 480
3287 231 399 576
3288 232 237 591
3289 232 250 122
3290 232 260 648
3291 232 261 846
3292 232 296 939
3293 232 314 62
3294 232 335 147
3295 232 336 602
3296 232 337 205
3297 232 383 398
3298 232 395 843
3299 233 267 914
3300 233 272 595
3301 233 280 563
3302 233 284 119
3303 233 299 669
3304 233 331 147
3305 233 342 182
3306 233 365 316
3307 233 368 911
3308 233 370 292
3309 233 380 881
3310 233 382 491
3311 234 237 648
3312 234 247 70
3313 234 297 444
3314 234 333 832
3315 234 360 165
3316 234 365 902
3317 235 252 85
3318 235 270 654
3319 235 278 834
3320 235 295 976
3321 235 318 781
3322 235 329 824
3323 235 348 944
3324 235 364 836
3325 235 392 278
3326 236 241 602
3327 236 249 873
3328 236 266 180
3329 236 270 68
3330 236 342 144
3331 236 353 626
3332 236 361 795
3333 237 258 707
3334 237 267 278
3335 237 280 499
3336 237 307 377
3337 237 328 984
3338 237 342 597
3339 237 348 461
3340 237 372 867
3341 237 378 958
3342 237 398 552
3343 238 242 902
3344 238 250 417
3345 238 265 979
3346 238 294 483
3347 238 386 761
3348 238 390 972
3349 238 392 748
3350 239 241 761
3351 239 245 769
3352 239 247 159
3353 239 254 479
3354 239 262 793
3355 239 265 680
3356 239 271 257
3357 239 311 804
3358 239 339 448
3359 239 371 376
3360 239 382 734
3361 239 388 488
3362 239 390 18
3363 239 399 654
3364 240 243 202
3365 240 255 43
3366 240 273 862
3367 240 286 463
3368 240 309 141
3369 240 314 370
3370 240 347 900
3371 241 246 839
3372 241 248 637
3373 241 251 627
3374 241 264 661
3375 241 269 783
3376 241 271 256
3377 241 276 100
3378 241 299 154
3379 241 302 305
3380 241 307 74
3381 241 320 673
3382 241 344 179
3383 242 257 575
3384 242 264 712
3385 242 268 368
3386 242 272 15
3387 242 289 991
3388 242 292 552
3389 242 298 370
3390 242 300 450
3391 242 360 840
3392 242 374 761
3393 242 389 405
3394 243 245 518
3395 243 250 336
3396 243 283 410
3397 243 323 902
3398 243 327 848
3399 243 371 592
3400 243 387 747
3401 244 249 106
3402 244 337 250
3403 244 339 953
3404 244 350 955
3405 244 352 951
3406 244 355 599
3407 244 363 834
3408 244 371 505
3409 244 392 325
3410 244 396 765
3411 245 312 295
3412 245 320 126
3413 245 330 741
3414 245 342 802
3415 245 350 876
3416 245 372 161
3417 246 264 690
3418 246 271 324
3419 246 280 710
3420 246 306 871
3421 246 330 583
3422 246 334 469
3423 246 348 903
3424 246 389 746
3425 246 398 695
3426 247 264 934
3427 247 273 633
3428 247 300 108
3429 247 304 426
3430 247 313 987
3431 247 348 287
3432 247 357 58
3433 247 367 363
3434 248 272 332
3435 248 277 883
3436 248 291 848
3437 248 300 748
3438 248 302 303
3439 248 313 713
3440 248 325 483
3441 248 366 573
3442 248 393 914
3443 249 268 485
3444 249 270 286
3445 249 290 210
3446 249 339 274
3447 249 376 163
3448 249 378 432
3449 249 380 917
3450 250 275 294
3451 250 296 266
3452 250 313 313
3453 250 316 698
3454 250 317 317
3455 250 329 625
3456 250 344 45
3457 250 379 532
3458 251 273 823
3459 251 276 95
3460 251 277 634
3461 251 322 606
3462 251 324 667
3463 251 352 520
3464 251 369 472
3465 251 388 699
3466 251 393 277
3467 252 266 371
3468 252 281 236
3469 252 301 101
3470 252 334 79
3471 252 340 425
3472 252 365 509
3473 252 384 309
3474 252 388 986
3475 252 393 607
3476 253 264 743
3477 253 304 175
3478 253 326 476
3479 253 335 199
3480 253 354 828
3481 253 361 707
3482 253 365 445
3483 254 258 789
3484 254 290 182
3485 254 296 889
3486 254 308 997
3487 254 334 40
3488 254 342 45
3489 254 346 268
3490 254 385 137
3491 254 396 502
3492 254 400 43
3493 255 257 457
3494 255 278 671
3495 255 283 33
3496 255 289 63
3497 255 298 783
3498 255 300 182
3499 255 303 210
3500 255 348 534
3501 256 259 395
3502 256 262 462
3503 256 268 251
3504 256 276 639
3505 256 309 641
3506 256 311 301
3507 256 335 302
3508 256 350 752
3509 256 364 967
3510 256 366 272
3511 257 280 582
3512 257 339 818
3513 257 353 139
3514 257 384 764
3515 258 260 802
3516 258 294 420
3517 258 310 379
3518 258 313 637
3519 258 338 76
3520 258 381 902
3521 258 399 493
3522 259 268 97
3523 259 288 947
3524 259 290 906
3525 259 299 944
3526 259 303 772
3527 259 344 141
3528 259 347 17
3529 259 355 194
3530 259 383 572
3531 260 285 185
3532 260 294 112
3533 260 302 821
3534 260 309 93
3535 261 283 494
3536 261 291 223
3537 261 293 852
3538 261 327 668
3539 261 338 746
3540 261 349 492
3541 261 377 577
3542 261 378 177
3543 261 391 51
3544 261 399 767
3545 262 280 320
3546 262 377 457
3547 263 271 102
3548 263 327 82
3549 263 334 7
3550 263 336 524
3551 263 342 657
3552 263 372 120
3553 263 381 902
3554 263 393 65
3555 264 289 457
3556 264 290 207
3557 264 359 640
3558 264 381 224
3559 265 325 509
3560 265 328 818
3561 265 329 326
3562 265 340 171
3563 265 370 357
3564 265 376 273
3565 265 384 825
3566 266 271 576
3567 266 283 874
3568 266 289 915
3569 266 303 442
3570 266 325 604
3571 266 328 949
3572 266 351 986
3573 266 360 440
3574 266 371 106
3575 266 400 999
3576 267 288 53
3577 267 315 355
3578 267 377 813
3579 267 378 238
3580 268 269 882
3581 268 305 325
3582 268 368 653
3583 269 288 104
3584 269 308 859
3585 269 313 932
3586 269 345 17
3587 269 348 148
3588 269 362 902
3589 269 387 187
3590 269 394 236
3591 269 400 555
3592 270 275 443
3593 270 301 948
3594 270 348 539
3595 270 359 612
3596 270 371 70
3597 270 372 670
3598 270 380 296
3599 270 386 459
3600 271 291 478
3601 271 296 578
3602 271 300 607
3603 271 303 279
3604 271 307 337
3605 271 310 430
3606 271 323 326
3607 272 275 417
3608 272 319 643
3609 272 329 327
3610 272 347 145
3611 272 374 992
3612 272 379 834
3613 272 389 625
3614 272 400 440
3615 273 315 444
3616 273 324 624
3617 273 350 570
3618 273 356 782
3619 273 367 894
3620 273 376 501
3621 274 287 887
3622 274 372 929
3623 274 389 703
3624 274 393 39
3625 274 398 124
3626 275 288 749
3627 275 291 279
3628 275 315 611
3629 275 322 619
3630 275 328 166
3631 275 336 98
3632 275 371 101
3633 275 379 364
3634 275 382 738
3635 276 282 871
3636 276 283 908
3637 276 286 2
3638 276 295 688
3639 276 340 278
3640 276 342 647
3641 276 347 685
3642 277 280 283
3643 277 283 23
3644 277 288 467
3645 277 292 142
3646 277 299 31
3647 277 305 762
3648 277 313 792
3649 277 332 691
3650 277 345 81
3651 277 371 487
3652 278 297 640
3653 278 298 570
3654 278 324 55
3655 278 338 670
3656 278 373 573
3657 279 281 16
3658 279 296 711
3659 279 297 697
3660 279 316 81
3661 279 324 508
3662 279 332 678
3663 279 333 94
3664 279 358 844
3665 279 366 896
3666 280 287 446
3667 280 304 226
3668 280 310 999
3669 280 315 373
3670 280 334 300
3671 280 341 916
3672 280 348 164
3673 280 350 195
3674 280 374 786
3675 280 379 833
3676 280 391 975
3677 281 294 548
3678 281 365 334
3679 281 369 925
3680 281 377 414
3681 281 387 63
3682 281 395 744
3683 282 298 519
3684 282 310 275
3685 282 346 632
3686 282 353 984
3687 282 379 774
3688 282 400 346
3689 283 302 619
3690 283 306 244
3691 283 317 312
3692 283 373 640
3693 283 396 988
3694 284 298 812
3695 284 302 107
3696 284 308 512
3697 284 341 517
3698 284 348 531
3699 284 362 362
3700 284 366 454
3701 284 383 781
3702 284 400 708
3703 285 298 500
3704 285 301 724
3705 285 326 9
3706 285 331 420
3707 285 334 115
3708 285 336 902
3709 285 354 952
3710 286 288 461
3711 286 310 862
3712 286 324 222
3713 286 327 153
3714 286 334 390
3715 286 339 372
3716 286 366 223
3717 286 385 33
3718 286 386 360
3719 286 400 82
3720 287 299 889
3721 287 337 398
3722 287 360 761
3723 287 389 935
3724 288 325 342
3725 288 327 720
3726 288 329 920
3727 288 337 704
3728 288 349 289
3729 289 291 20
3730 289 305 960
3731 289 314 170
3732 289 327 912
3733 289 334 44
3734 289 340 517
3735 289 366 64
3736 289 397 377
3737 290 299 898
3738 290 352 344
3739 290 361 342
3740 291 313 353
3741 291 333 943
3742 291 397 606
3743 292 339 404
3744 292 360 394
3745 292 386 954
3746 293 302 875
3747 293 323 249
3748 293 343 923
3749 293 351 103
3750 293 365 273
3751 294 313 497
3752 294 321 368
3753 295 305 935
3754 295 365 507
3755 295 373 912
3756 295 387 703
3757 295 395 798
3758 296 354 518
3759 296 362 580
3760 296 393 760
3761 296 398 621
3762 297 367 129
3763 297 379 921
3764 297 390 659
3765 297 394 632
3766 298 300 109
3767 298 314 606
3768 298 379 380
3769 299 318 151
3770 299 363 458
3771 299 387 965
3772 299 391 629
3773 299 392 226
3774 300 305 750
3775 300 306 590
3776 300 314 407
3777 300 325 354
3778 300 340 607
3779 300 364 854
3780 300 378 372
3781 300 395 608
3782 301 308 538
3783 301 329 680
3784 301 337 657
3785 301 361 203
3786 301 386 18
3787 301 399 598
3788 302 339 11
3789 302 340 383
3790 302 355 7
3791 302 356 901
3792 302 359 57
3793 302 379 946
3794 302 384 754
3795 302 391 695
3796 303 352 21
3797 303 387 1
3798 304 310 893
3799 304 313 607
3800 304 343 970
3801 304 366 566
3802 305 311 724
3803 305 315 834
3804 305 337 481
3805 305 365 201
3806 305 373 222
3807 305 383 628
3808 305 385 651
3809 305 394 339
3810 306 314 463
3811 306 382 97
3812 307 310 913
3813 307 315 864
3814 307 316 275
3815 307 322 431
3816 307 345 679
3817 307 353 574
3818 307 362 202
3819 307 383 442
3820 307 387 360
3821 307 399 670
3822 308 366 235
3823 309 374 315
3824 309 381 826
3825 310 328 150
3826 310 375 652
3827 311 331 234
3828 311 388 408
3829 312 317 334
3830 312 318 127
3831 312 370 65
3832 312 372 14
3833 312 381 577
3834 313 316 751
3835 313 326 785
3836 313 360 848
3837 313 398 234
3838 314 343 617
3839 314 354 767
3840 314 381 509
3841 315 343 254
3842 315 344 120
3843 315 398 38
3844 316 327 549
3845 316 363 144
3846 316 383 40
3847 316 387 232
3848 316 395 511
3849 317 342 710
3850 318 360 413
3851 318 361 308
3852 318 366 503
3853 318 372 730
3854 318 383 602
3855 319 358 857
3856 319 371 353
3857 319 388 632
3858 320 372 686
3859 321 331 509
3860 321 351 164
3861 321 367 439
3862 321 377 846
3863 321 388 330
3864 322 327 418
3865 322 396 167
3866 323 335 102
3867 324 346 725
3868 324 372 567
3869 325 348 810
3870 325 380 320
3871 326 330 258
3872 326 346 974
3873 326 353 72
3874 326 366 760
3875 327 378 942
3876 327 400 573
3877 328 343 980
3878 328 346 271
3879 328 362 846
3880 328 369 818
3881 328 382 384
3882 328 383 787
3883 328 386 939
3884 329 345 65
3885 329 347 865
3886 329 354 306
3887 329 360 386
3888 329 376 29
3889 330 346 8
3890 332 398 447
3891 333 344 157
3892 333 353 415
3893 333 365 433
3894 334 378 100
3895 334 390 669
3896 335 351 664
3897 335 358 873
3898 336 339 478
3899 336 381 576
3900 336 385 550
3901 337 383 834
3902 337 391 976
3903 338 347 530
3904 338 359 512
3905 338 360 326
3906 338 362 11
3907 338 384 196
3908 338 390 949
3909 338 393 463
3910 338 394 287
3911 339 343 195
3912 339 346 194
3913 339 360 977
3914 339 392 661
3915 340 346 848
3916 340 363 477
3917 340 366 192
3918 340 376 573
3919 340 378 536
3920 341 355 316
3921 341 362 186
3922 341 369 478
3923 341 373 678
3924 341 389 620
3925 342 346 736
3926 343 354 486
3927 343 386 964
3928 344 354 592
3929 344 377 479
3930 344 381 296
3931 344 398 540
3932 345 365 912
3933 345 367 400
3934 345 394 172
3935 345 397 424
3936 346 359 183
3937 346 381 459
3938 346 383 664
3939 347 384 428
3940 348 357 574
3941 348 367 305
3942 348 370 7
3943 348 395 896
3944 349 353 635
3945 349 382 292
3946 349 397 415
3947 350 362 335
3948 350 365 530
3949 350 376 676
3950 350 399 191
3951 351 375 338
3952 352 376 789
3953 354 360 499
3954 354 369 920
3955 355 358 845
3956 355 363 664
3957 355 368 634
3958 356 380 3
3959 358 385 518
3960 360 375 839
3961 361 376 689
3962 361 394 227
3963 361 397 858
3964 361 400 977
3965 362 366 946
3966 362 368 394
3967 362 377 158
3968 362 399 175
3969 363 396 89
3970 363 398 699
3971 364 397 406
3972 364 398 17
3973 365 376 522
3974 365 388 626
3975 366 389 420
3976 367 389 770
3977 367 391 751
3978 369 377 531
3979 370 378 492
3980 370 397 600
3981 373 392 354
3982 373 394 440
3983 373 399 792
3984 374 398 472
3985 376 380 142
3986 376 382 913
3987 377 383 644
3988 377 391 675
3989 377 397 186
3990 378 397 124
3991 379 389 657
3992 381 385 372
3993 382 383 468
3994 382 388 727
3995 388 391 623
3996 389 391 4
3997 391 395 188
3998 392 397 968
3999 396 397 71
